  Coriolis Zeta matrix for IXYZ=                     1 :
    2    1        0.0000000000
    3    1        0.0000000000
    3    2        0.0000000000
    4    1        0.0000000000
    4    2        0.0000000000
    4    3        0.0000000000
    5    1        0.0000000000
    5    2        0.0000000000
    5    3        0.0000000000
    5    4        0.0000000000
    6    1        0.0000000000
    6    2        0.0000000000
    6    3        0.0000000000
    6    4        0.0000000000
    6    5        0.0000000000
    7    1        0.0000000000
    7    2        0.0000000000
    7    3        0.0000000000
    7    4        0.0000000000
    7    5        0.0000000000
    7    6        0.0000000000
    8    1        0.0000000000
    8    2        0.0000000000
    8    3        0.0000000000
    8    4        0.0000000000
    8    5        0.0000000000
    8    6        0.0000000000
    8    7        0.0000000000
    9    1        0.0000000000
    9    2        0.0000000000
    9    3        0.0000000000
    9    4        0.0000000000
    9    5        0.0000000000
    9    6        0.0000000000
    9    7        0.0000000000
    9    8       -0.0000000000
   10    1        0.0000000000
   10    2        0.0000000000
   10    3        0.0000000000
   10    4        0.0000000000
   10    5        0.0000000000
   10    6        0.0000000000
   10    7        0.0000000000
   10    8        0.0102490694
   10    9       -0.0000000000
   11    1        0.0000000000
   11    2        0.0000000000
   11    3        0.0000000000
   11    4        0.0000000000
   11    5        0.0000000000
   11    6        0.0000000000
   11    7        0.0294250193
   11    8       -0.0000000000
   11    9       -0.1692302339
   11   10       -0.0000000000
   12    1        0.0000000000
   12    2        0.0000000000
   12    3        0.0000000000
   12    4        0.0000000000
   12    5        0.0000000000
   12    6        0.0000000000
   12    7       -0.0000000000
   12    8        0.0000000000
   12    9        0.0000000000
   12   10        0.0000000000
   12   11        0.2021698999
   13    1        0.0000000000
   13    2        0.0000000000
   13    3        0.0000000000
   13    4        0.0000000000
   13    5        0.0000000000
   13    6        0.0000000000
   13    7       -0.0000000000
   13    8       -0.0000000000
   13    9       -0.0000000000
   13   10        0.0391830023
   13   11       -0.0000000000
   13   12        0.0000000000
   14    1        0.0000000000
   14    2        0.0000000000
   14    3        0.0000000000
   14    4        0.0000000000
   14    5        0.0000000000
   14    6        0.0000000000
   14    7       -0.0000000000
   14    8        0.0000000000
   14    9        0.0000000000
   14   10       -0.0000000000
   14   11       -0.1252186295
   14   12        0.0000000000
   14   13        0.0000000000
   15    1        0.0000000000
   15    2        0.0000000000
   15    3        0.0000000000
   15    4        0.0000000000
   15    5        0.0000000000
   15    6        0.0000000000
   15    7       -0.0000000000
   15    8        0.0000000000
   15    9       -0.0000000000
   15   10        0.0436860949
   15   11        0.0000000000
   15   12       -0.0000000000
   15   13       -0.0000000000
   15   14        0.0000000000
   16    1        0.0000000000
   16    2        0.0000000000
   16    3        0.0000000000
   16    4        0.0000000000
   16    5        0.0000000000
   16    6        0.0000000000
   16    7        0.0000000000
   16    8       -0.0000000000
   16    9       -0.0000000000
   16   10        0.0000000000
   16   11       -0.0474024148
   16   12        0.0000000000
   16   13        0.0000000000
   16   14       -0.0000000000
   16   15       -0.0000000000
   17    1        0.0000000000
   17    2        0.0000000000
   17    3        0.0000000000
   17    4        0.0000000000
   17    5        0.0000000000
   17    6        0.0000000000
   17    7        0.4263156649
   17    8        0.0000000000
   17    9       -0.3153029142
   17   10       -0.0000000000
   17   11        0.0000000000
   17   12        0.2313047483
   17   13       -0.0000000000
   17   14       -0.1739542302
   17   15        0.0000000000
   17   16       -0.1186443175
   18    1        0.0000000000
   18    2        0.0000000000
   18    3        0.0000000000
   18    4        0.0000000000
   18    5        0.0000000000
   18    6        0.0000000000
   18    7        0.0000000000
   18    8        0.0123294456
   18    9       -0.0000000000
   18   10       -0.0000000000
   18   11       -0.0000000000
   18   12       -0.0000000000
   18   13       -0.1047899773
   18   14       -0.0000000000
   18   15        0.2134965069
   18   16        0.0000000000
   18   17        0.0000000000
   19    1        0.0000000000
   19    2        0.0000000000
   19    3        0.0000000000
   19    4        0.0000000000
   19    5        0.0000000000
   19    6        0.0000000000
   19    7        0.0000000000
   19    8       -0.0000000000
   19    9       -0.0000000000
   19   10       -0.0000000000
   19   11        0.1742884826
   19   12       -0.0000000000
   19   13       -0.0000000000
   19   14        0.0000000000
   19   15        0.0000000000
   19   16       -0.0000000000
   19   17       -0.2185497721
   19   18        0.0000000000
   20    1        0.0000000000
   20    2        0.0000000000
   20    3        0.0000000000
   20    4        0.0000000000
   20    5        0.0000000000
   20    6        0.0000000000
   20    7       -0.0000000000
   20    8        0.0000000000
   20    9        0.0000000000
   20   10        0.0000000000
   20   11       -0.0663056752
   20   12        0.0000000000
   20   13        0.0000000000
   20   14       -0.0000000000
   20   15       -0.0000000000
   20   16       -0.0000000000
   20   17        0.0709761054
   20   18        0.0000000000
   20   19        0.0000000000
   21    1        0.0000000000
   21    2        0.0000000000
   21    3        0.0000000000
   21    4        0.0000000000
   21    5        0.0000000000
   21    6        0.0000000000
   21    7       -0.0000000000
   21    8        0.0043833282
   21    9        0.0000000000
   21   10        0.0000000000
   21   11        0.0000000000
   21   12       -0.0000000000
   21   13       -0.0008175307
   21   14        0.0000000000
   21   15       -0.0203168226
   21   16        0.0000000000
   21   17       -0.0000000000
   21   18       -0.0000000000
   21   19       -0.0000000000
   21   20        0.0000000000
   22    1        0.0000000000
   22    2        0.0000000000
   22    3        0.0000000000
   22    4        0.0000000000
   22    5        0.0000000000
   22    6        0.0000000000
   22    7        0.4225725946
   22    8        0.0000000000
   22    9       -0.4441126010
   22   10       -0.0000000000
   22   11       -0.0000000000
   22   12        0.1231749744
   22   13       -0.0000000000
   22   14        0.0975238618
   22   15       -0.0000000000
   22   16        0.0294954861
   22   17       -0.0000000000
   22   18        0.0000000000
   22   19        0.1085115045
   22   20        0.1205302487
   22   21       -0.0000000000
   23    1        0.0000000000
   23    2        0.0000000000
   23    3        0.0000000000
   23    4        0.0000000000
   23    5        0.0000000000
   23    6        0.0000000000
   23    7        0.3220201853
   23    8        0.0000000000
   23    9       -0.2623752310
   23   10       -0.0000000000
   23   11       -0.0000000000
   23   12        0.0918900915
   23   13       -0.0000000000
   23   14        0.1287841662
   23   15       -0.0000000000
   23   16       -0.3243349272
   23   17        0.0000000000
   23   18        0.0000000000
   23   19       -0.0313584477
   23   20       -0.1501179545
   23   21        0.0000000000
   23   22        0.0000000000
   24    1        0.0000000000
   24    2        0.0000000000
   24    3        0.0000000000
   24    4        0.0000000000
   24    5        0.0000000000
   24    6        0.0000000000
   24    7       -0.0000000000
   24    8        0.0000000000
   24    9        0.0000000000
   24   10       -0.7306083985
   24   11        0.0000000000
   24   12       -0.0000000000
   24   13        0.0000000000
   24   14        0.0000000000
   24   15       -0.0000000000
   24   16        0.0000000000
   24   17        0.0000000000
   24   18        0.0709102418
   24   19       -0.0000000000
   24   20        0.0000000000
   24   21        0.2911061434
   24   22        0.0000000000
   24   23        0.0000000000
   25    1        0.0000000000
   25    2        0.0000000000
   25    3        0.0000000000
   25    4        0.0000000000
   25    5        0.0000000000
   25    6        0.0000000000
   25    7       -0.0000000000
   25    8        0.0000000000
   25    9       -0.0000000000
   25   10        0.4396463815
   25   11       -0.0000000000
   25   12        0.0000000000
   25   13       -0.0000000000
   25   14       -0.0000000000
   25   15        0.0000000000
   25   16        0.0000000000
   25   17       -0.0000000000
   25   18        0.1587385582
   25   19        0.0000000000
   25   20       -0.0000000000
   25   21       -0.2781540116
   25   22       -0.0000000000
   25   23       -0.0000000000
   25   24       -0.0000000000
   26    1        0.0000000000
   26    2        0.0000000000
   26    3        0.0000000000
   26    4        0.0000000000
   26    5        0.0000000000
   26    6        0.0000000000
   26    7       -0.1519403103
   26    8       -0.0000000000
   26    9        0.1704789110
   26   10        0.0000000000
   26   11        0.0000000000
   26   12        0.2051492371
   26   13       -0.0000000000
   26   14       -0.2895934448
   26   15        0.0000000000
   26   16       -0.0292751906
   26   17       -0.0000000000
   26   18       -0.0000000000
   26   19        0.6301601322
   26   20       -0.3100440148
   26   21        0.0000000000
   26   22       -0.0000000000
   26   23       -0.0000000000
   26   24       -0.0000000000
   26   25        0.0000000000
   27    1        0.0000000000
   27    2        0.0000000000
   27    3        0.0000000000
   27    4        0.0000000000
   27    5        0.0000000000
   27    6        0.0000000000
   27    7        0.5970610444
   27    8        0.0000000000
   27    9        0.3845636582
   27   10        0.0000000000
   27   11       -0.0000000000
   27   12       -0.4330584713
   27   13        0.0000000000
   27   14       -0.4771205316
   27   15        0.0000000000
   27   16        0.0475427986
   27   17       -0.0000000000
   27   18        0.0000000000
   27   19       -0.0248276535
   27   20        0.1079887397
   27   21       -0.0000000000
   27   22       -0.0000000000
   27   23       -0.0000000000
   27   24        0.0000000000
   27   25        0.0000000000
   27   26       -0.0000000000
   28    1        0.0000000000
   28    2        0.0000000000
   28    3        0.0000000000
   28    4        0.0000000000
   28    5        0.0000000000
   28    6        0.0000000000
   28    7        0.0000000000
   28    8       -0.0000000000
   28    9       -0.0000000000
   28   10        0.3624749182
   28   11       -0.0000000000
   28   12        0.0000000000
   28   13       -0.0000000000
   28   14       -0.0000000000
   28   15       -0.0000000000
   28   16       -0.0000000000
   28   17        0.0000000000
   28   18       -0.1721227427
   28   19       -0.0000000000
   28   20        0.0000000000
   28   21        0.4908674412
   28   22        0.0000000000
   28   23        0.0000000000
   28   24        0.0000000000
   28   25       -0.0000000000
   28   26       -0.0000000000
   28   27        0.0000000000
   29    1        0.0000000000
   29    2        0.0000000000
   29    3        0.0000000000
   29    4        0.0000000000
   29    5        0.0000000000
   29    6        0.0000000000
   29    7        0.0000000000
   29    8       -0.0000000000
   29    9        0.0000000000
   29   10       -0.1306042620
   29   11        0.0000000000
   29   12       -0.0000000000
   29   13        0.0000000000
   29   14        0.0000000000
   29   15       -0.0000000000
   29   16        0.0000000000
   29   17        0.0000000000
   29   18       -0.7191744462
   29   19       -0.0000000000
   29   20        0.0000000000
   29   21       -0.2514763841
   29   22       -0.0000000000
   29   23        0.0000000000
   29   24       -0.0000000000
   29   25       -0.0000000000
   29   26        0.0000000000
   29   27        0.0000000000
   29   28        0.0000000000
   30    1        0.0000000000
   30    2        0.0000000000
   30    3        0.0000000000
   30    4        0.0000000000
   30    5        0.0000000000
   30    6        0.0000000000
   30    7       -0.0000000000
   30    8       -0.0000000000
   30    9        0.0000000000
   30   10       -0.3290871085
   30   11        0.0000000000
   30   12       -0.0000000000
   30   13        0.0000000000
   30   14        0.0000000000
   30   15        0.0000000000
   30   16        0.0000000000
   30   17       -0.0000000000
   30   18        0.1575686044
   30   19        0.0000000000
   30   20       -0.0000000000
   30   21       -0.5319097420
   30   22       -0.0000000000
   30   23       -0.0000000000
   30   24       -0.0000000000
   30   25        0.0000000000
   30   26       -0.0000000000
   30   27       -0.0000000000
   30   28        0.0000000000
   30   29        0.0000000000
   31    1        0.0000000000
   31    2        0.0000000000
   31    3        0.0000000000
   31    4        0.0000000000
   31    5        0.0000000000
   31    6        0.0000000000
   31    7        0.0487388058
   31    8        0.0000000000
   31    9        0.2894322226
   31   10        0.0000000000
   31   11        0.0000000000
   31   12       -0.1509299587
   31   13        0.0000000000
   31   14        0.0481182937
   31   15        0.0000000000
   31   16       -0.6240446493
   31   17        0.0000000000
   31   18        0.0000000000
   31   19       -0.2021060058
   31   20       -0.4039925554
   31   21       -0.0000000000
   31   22       -0.0000000000
   31   23        0.0000000000
   31   24       -0.0000000000
   31   25        0.0000000000
   31   26        0.0000000000
   31   27       -0.0000000000
   31   28        0.0000000000
   31   29       -0.0000000000
   31   30       -0.0000000000
   32    1        0.0000000000
   32    2        0.0000000000
   32    3        0.0000000000
   32    4        0.0000000000
   32    5        0.0000000000
   32    6        0.0000000000
   32    7        0.0000000000
   32    8       -0.0000000000
   32    9       -0.0000000000
   32   10        0.0356854220
   32   11        0.0000000000
   32   12        0.0000000000
   32   13        0.0000000000
   32   14       -0.0000000000
   32   15       -0.0000000000
   32   16        0.0000000000
   32   17       -0.0000000000
   32   18        0.3198984758
   32   19        0.0000000000
   32   20       -0.0000000000
   32   21        0.0357606150
   32   22       -0.0000000000
   32   23       -0.0000000000
   32   24        0.0000000000
   32   25       -0.0000000000
   32   26       -0.0000000000
   32   27       -0.0000000000
   32   28       -0.0000000000
   32   29        0.0000000000
   32   30        0.0000000000
   32   31       -0.0000000000
   33    1        0.0000000000
   33    2        0.0000000000
   33    3        0.0000000000
   33    4        0.0000000000
   33    5        0.0000000000
   33    6        0.0000000000
   33    7        0.0483418248
   33    8        0.0000000000
   33    9       -0.0773603332
   33   10        0.0000000000
   33   11       -0.0000000000
   33   12       -0.6605900409
   33   13        0.0000000000
   33   14        0.5266358929
   33   15       -0.0000000000
   33   16        0.0539358281
   33   17       -0.0000000000
   33   18       -0.0000000000
   33   19        0.4044389230
   33   20       -0.0525812342
   33   21        0.0000000000
   33   22        0.0000000000
   33   23       -0.0000000000
   33   24       -0.0000000000
   33   25        0.0000000000
   33   26       -0.0000000000
   33   27        0.0000000000
   33   28        0.0000000000
   33   29        0.0000000000
   33   30       -0.0000000000
   33   31       -0.0000000000
   33   32       -0.0000000000
   34    1        0.0000000000
   34    2        0.0000000000
   34    3        0.0000000000
   34    4        0.0000000000
   34    5        0.0000000000
   34    6        0.0000000000
   34    7       -0.3713406153
   34    8       -0.0000000000
   34    9       -0.5660907542
   34   10       -0.0000000000
   34   11       -0.0000000000
   34   12       -0.4278994810
   34   13        0.0000000000
   34   14       -0.5522037288
   34   15        0.0000000000
   34   16       -0.1929257468
   34   17        0.0000000000
   34   18        0.0000000000
   34   19       -0.0480271638
   34   20       -0.0405177731
   34   21       -0.0000000000
   34   22       -0.0000000000
   34   23       -0.0000000000
   34   24       -0.0000000000
   34   25       -0.0000000000
   34   26       -0.0000000000
   34   27        0.0000000000
   34   28        0.0000000000
   34   29        0.0000000000
   34   30       -0.0000000000
   34   31       -0.0000000000
   34   32        0.0000000000
   34   33        0.0000000000
   35    1        0.0000000000
   35    2        0.0000000000
   35    3        0.0000000000
   35    4        0.0000000000
   35    5        0.0000000000
   35    6        0.0000000000
   35    7       -0.0630240339
   35    8       -0.0000000000
   35    9        0.1250134842
   35   10        0.0000000000
   35   11        0.0000000000
   35   12       -0.0106682161
   35   13        0.0000000000
   35   14       -0.1126417438
   35   15        0.0000000000
   35   16       -0.1048283033
   35   17       -0.0000000000
   35   18       -0.0000000000
   35   19        0.1452958001
   35   20        0.7220702973
   35   21       -0.0000000000
   35   22        0.0000000000
   35   23       -0.0000000000
   35   24        0.0000000000
   35   25        0.0000000000
   35   26       -0.0000000000
   35   27        0.0000000000
   35   28       -0.0000000000
   35   29        0.0000000000
   35   30       -0.0000000000
   35   31        0.0000000000
   35   32        0.0000000000
   35   33       -0.0000000000
   35   34       -0.0000000000
   36    1        0.0000000000
   36    2        0.0000000000
   36    3        0.0000000000
   36    4        0.0000000000
   36    5        0.0000000000
   36    6        0.0000000000
   36    7        0.0000000000
   36    8       -0.0000000000
   36    9       -0.0000000000
   36   10       -0.0174890916
   36   11       -0.0000000000
   36   12       -0.0000000000
   36   13        0.0000000000
   36   14       -0.0000000000
   36   15       -0.0000000000
   36   16        0.0000000000
   36   17        0.0000000000
   36   18       -0.4747559060
   36   19        0.0000000000
   36   20       -0.0000000000
   36   21        0.1119275557
   36   22        0.0000000000
   36   23        0.0000000000
   36   24       -0.0000000000
   36   25       -0.0000000000
   36   26        0.0000000000
   36   27        0.0000000000
   36   28        0.0000000000
   36   29       -0.0000000000
   36   30       -0.0000000000
   36   31       -0.0000000000
   36   32        0.0000000000
   36   33       -0.0000000000
   36   34       -0.0000000000
   36   35        0.0000000000
   37    1        0.0000000000
   37    2        0.0000000000
   37    3        0.0000000000
   37    4        0.0000000000
   37    5        0.0000000000
   37    6        0.0000000000
   37    7        0.0644474685
   37    8        0.0000000000
   37    9       -0.0191426437
   37   10        0.0000000000
   37   11       -0.0000000000
   37   12       -0.0978360745
   37   13       -0.0000000000
   37   14       -0.1327389157
   37   15       -0.0000000000
   37   16        0.5961390834
   37   17       -0.0000000000
   37   18        0.0000000000
   37   19        0.0774072821
   37   20       -0.3735666028
   37   21        0.0000000000
   37   22       -0.0000000000
   37   23        0.0000000000
   37   24       -0.0000000000
   37   25       -0.0000000000
   37   26        0.0000000000
   37   27       -0.0000000000
   37   28        0.0000000000
   37   29       -0.0000000000
   37   30        0.0000000000
   37   31        0.0000000000
   37   32       -0.0000000000
   37   33        0.0000000000
   37   34        0.0000000000
   37   35       -0.0000000000
   37   36        0.0000000000
   38    1        0.0000000000
   38    2        0.0000000000
   38    3        0.0000000000
   38    4        0.0000000000
   38    5        0.0000000000
   38    6        0.0000000000
   38    7        0.0000000000
   38    8       -0.0000000000
   38    9       -0.0000000000
   38   10        0.1051209738
   38   11       -0.0000000000
   38   12        0.0000000000
   38   13       -0.0000000000
   38   14       -0.0000000000
   38   15       -0.0000000000
   38   16        0.0000000000
   38   17       -0.0000000000
   38   18       -0.1169012485
   38   19       -0.0000000000
   38   20       -0.0000000000
   38   21       -0.4863425895
   38   22       -0.0000000000
   38   23       -0.0000000000
   38   24       -0.0000000000
   38   25        0.0000000000
   38   26       -0.0000000000
   38   27       -0.0000000000
   38   28        0.0000000000
   38   29        0.0000000000
   38   30        0.0000000000
   38   31       -0.0000000000
   38   32        0.0000000000
   38   33        0.0000000000
   38   34        0.0000000000
   38   35       -0.0000000000
   38   36       -0.0000000000
   38   37        0.0000000000
   39    1        0.0000000000
   39    2        0.0000000000
   39    3        0.0000000000
   39    4        0.0000000000
   39    5        0.0000000000
   39    6        0.0000000000
   39    7       -0.0694623300
   39    8       -0.0000000000
   39    9        0.0520286744
   39   10        0.0000000000
   39   11        0.0000000000
   39   12       -0.0210000940
   39   13        0.0000000000
   39   14        0.0394729819
   39   15        0.0000000000
   39   16       -0.2802929401
   39   17        0.0000000000
   39   18        0.0000000000
   39   19        0.5268360022
   39   20        0.1309968238
   39   21       -0.0000000000
   39   22        0.0000000000
   39   23       -0.0000000000
   39   24       -0.0000000000
   39   25        0.0000000000
   39   26       -0.0000000000
   39   27        0.0000000000
   39   28        0.0000000000
   39   29        0.0000000000
   39   30       -0.0000000000
   39   31       -0.0000000000
   39   32        0.0000000000
   39   33       -0.0000000000
   39   34       -0.0000000000
   39   35       -0.0000000000
   39   36       -0.0000000000
   39   37        0.0000000000
   39   38        0.0000000000
  Coriolis Zeta matrix for IXYZ=                     2 :
    2    1        0.0000000000
    3    1        0.0000000000
    3    2        0.0000000000
    4    1        0.0000000000
    4    2        0.0000000000
    4    3        0.0000000000
    5    1        0.0000000000
    5    2        0.0000000000
    5    3        0.0000000000
    5    4        0.0000000000
    6    1        0.0000000000
    6    2        0.0000000000
    6    3        0.0000000000
    6    4        0.0000000000
    6    5        0.0000000000
    7    1        0.0000000000
    7    2        0.0000000000
    7    3        0.0000000000
    7    4        0.0000000000
    7    5        0.0000000000
    7    6        0.0000000000
    8    1        0.0000000000
    8    2        0.0000000000
    8    3        0.0000000000
    8    4        0.0000000000
    8    5        0.0000000000
    8    6        0.0000000000
    8    7        0.0000000000
    9    1        0.0000000000
    9    2        0.0000000000
    9    3        0.0000000000
    9    4        0.0000000000
    9    5        0.0000000000
    9    6        0.0000000000
    9    7       -0.0000000000
    9    8        0.0000000000
   10    1        0.0000000000
   10    2        0.0000000000
   10    3        0.0000000000
   10    4        0.0000000000
   10    5        0.0000000000
   10    6        0.0000000000
   10    7        0.0000000000
   10    8       -0.0000000000
   10    9        0.0000000000
   11    1        0.0000000000
   11    2        0.0000000000
   11    3        0.0000000000
   11    4        0.0000000000
   11    5        0.0000000000
   11    6        0.0000000000
   11    7        0.0000000000
   11    8       -0.3287240568
   11    9       -0.0000000000
   11   10        0.0000000000
   12    1        0.0000000000
   12    2        0.0000000000
   12    3        0.0000000000
   12    4        0.0000000000
   12    5        0.0000000000
   12    6        0.0000000000
   12    7       -0.0000000000
   12    8        0.0000000000
   12    9        0.0000000000
   12   10       -0.0000000000
   12   11       -0.0000000000
   13    1        0.0000000000
   13    2        0.0000000000
   13    3        0.0000000000
   13    4        0.0000000000
   13    5        0.0000000000
   13    6        0.0000000000
   13    7       -0.0000000000
   13    8       -0.0000000000
   13    9        0.0000000000
   13   10       -0.0000000000
   13   11       -0.1990895161
   13   12        0.0000000000
   14    1        0.0000000000
   14    2        0.0000000000
   14    3        0.0000000000
   14    4        0.0000000000
   14    5        0.0000000000
   14    6        0.0000000000
   14    7       -0.0000000000
   14    8        0.0000000000
   14    9        0.0000000000
   14   10       -0.0000000000
   14   11       -0.0000000000
   14   12        0.0000000000
   14   13        0.0000000000
   15    1        0.0000000000
   15    2        0.0000000000
   15    3        0.0000000000
   15    4        0.0000000000
   15    5        0.0000000000
   15    6        0.0000000000
   15    7       -0.0000000000
   15    8       -0.0000000000
   15    9        0.0000000000
   15   10       -0.0000000000
   15   11       -0.4659100732
   15   12        0.0000000000
   15   13       -0.0000000000
   15   14        0.0000000000
   16    1        0.0000000000
   16    2        0.0000000000
   16    3        0.0000000000
   16    4        0.0000000000
   16    5        0.0000000000
   16    6        0.0000000000
   16    7        0.0000000000
   16    8       -0.0000000000
   16    9       -0.0000000000
   16   10        0.0000000000
   16   11        0.0000000000
   16   12        0.0000000000
   16   13        0.0000000000
   16   14       -0.0000000000
   16   15       -0.0000000000
   17    1        0.0000000000
   17    2        0.0000000000
   17    3        0.0000000000
   17    4        0.0000000000
   17    5        0.0000000000
   17    6        0.0000000000
   17    7       -0.0000000000
   17    8       -0.0597202772
   17    9       -0.0000000000
   17   10        0.0000000000
   17   11       -0.0000000000
   17   12        0.0000000000
   17   13        0.2320304973
   17   14       -0.0000000000
   17   15       -0.4007762698
   17   16        0.0000000000
   18    1        0.0000000000
   18    2        0.0000000000
   18    3        0.0000000000
   18    4        0.0000000000
   18    5        0.0000000000
   18    6        0.0000000000
   18    7        0.0000000000
   18    8       -0.0000000000
   18    9       -0.0000000000
   18   10        0.0000000000
   18   11        0.0000000000
   18   12       -0.0000000000
   18   13        0.0000000000
   18   14       -0.0000000000
   18   15       -0.0000000000
   18   16       -0.0000000000
   18   17       -0.0000000000
   19    1        0.0000000000
   19    2        0.0000000000
   19    3        0.0000000000
   19    4        0.0000000000
   19    5        0.0000000000
   19    6        0.0000000000
   19    7       -0.0000000000
   19    8        0.0000000000
   19    9       -0.0000000000
   19   10        0.0000000000
   19   11        0.0000000000
   19   12       -0.0000000000
   19   13       -0.0000000000
   19   14       -0.0000000000
   19   15       -0.0000000000
   19   16       -0.0000000000
   19   17       -0.0000000000
   19   18        0.0000000000
   20    1        0.0000000000
   20    2        0.0000000000
   20    3        0.0000000000
   20    4        0.0000000000
   20    5        0.0000000000
   20    6        0.0000000000
   20    7       -0.0000000000
   20    8       -0.0000000000
   20    9       -0.0000000000
   20   10        0.0000000000
   20   11        0.0000000000
   20   12       -0.0000000000
   20   13        0.0000000000
   20   14        0.0000000000
   20   15        0.0000000000
   20   16        0.0000000000
   20   17        0.0000000000
   20   18       -0.0000000000
   20   19       -0.0000000000
   21    1        0.0000000000
   21    2        0.0000000000
   21    3        0.0000000000
   21    4        0.0000000000
   21    5        0.0000000000
   21    6        0.0000000000
   21    7       -0.0000000000
   21    8        0.0000000000
   21    9       -0.0000000000
   21   10        0.0000000000
   21   11        0.0000000000
   21   12        0.0000000000
   21   13       -0.0000000000
   21   14       -0.0000000000
   21   15       -0.0000000000
   21   16        0.0000000000
   21   17        0.0000000000
   21   18       -0.0000000000
   21   19       -0.0000000000
   21   20       -0.0000000000
   22    1        0.0000000000
   22    2        0.0000000000
   22    3        0.0000000000
   22    4        0.0000000000
   22    5        0.0000000000
   22    6        0.0000000000
   22    7        0.0000000000
   22    8       -0.4222859755
   22    9        0.0000000000
   22   10       -0.0000000000
   22   11       -0.0000000000
   22   12        0.0000000000
   22   13        0.2373956966
   22   14        0.0000000000
   22   15        0.1264458054
   22   16        0.0000000000
   22   17        0.0000000000
   22   18       -0.0000000000
   22   19        0.0000000000
   22   20       -0.0000000000
   22   21       -0.0000000000
   23    1        0.0000000000
   23    2        0.0000000000
   23    3        0.0000000000
   23    4        0.0000000000
   23    5        0.0000000000
   23    6        0.0000000000
   23    7        0.0000000000
   23    8       -0.3412174882
   23    9        0.0000000000
   23   10       -0.0000000000
   23   11       -0.0000000000
   23   12        0.0000000000
   23   13        0.2195374556
   23   14        0.0000000000
   23   15        0.1023202185
   23   16        0.0000000000
   23   17        0.0000000000
   23   18       -0.0000000000
   23   19       -0.0000000000
   23   20        0.0000000000
   23   21        0.0000000000
   23   22        0.0000000000
   24    1        0.0000000000
   24    2        0.0000000000
   24    3        0.0000000000
   24    4        0.0000000000
   24    5        0.0000000000
   24    6        0.0000000000
   24    7        0.0000000000
   24    8        0.0000000000
   24    9        0.0000000000
   24   10       -0.0000000000
   24   11       -0.1110815120
   24   12        0.0000000000
   24   13       -0.0000000000
   24   14        0.0000000000
   24   15        0.0000000000
   24   16       -0.0000000000
   24   17        0.2222401340
   24   18        0.0000000000
   24   19        0.0000000000
   24   20        0.0000000000
   24   21       -0.0000000000
   24   22       -0.1879130912
   24   23        0.5421181842
   25    1        0.0000000000
   25    2        0.0000000000
   25    3        0.0000000000
   25    4        0.0000000000
   25    5        0.0000000000
   25    6        0.0000000000
   25    7       -0.0000000000
   25    8       -0.0000000000
   25    9        0.0000000000
   25   10       -0.0000000000
   25   11       -0.1358084566
   25   12        0.0000000000
   25   13       -0.0000000000
   25   14        0.0000000000
   25   15       -0.0000000000
   25   16        0.0000000000
   25   17        0.4019715561
   25   18        0.0000000000
   25   19       -0.0000000000
   25   20       -0.0000000000
   25   21        0.0000000000
   25   22        0.4507456405
   25   23       -0.1375447744
   25   24        0.0000000000
   26    1        0.0000000000
   26    2        0.0000000000
   26    3        0.0000000000
   26    4        0.0000000000
   26    5        0.0000000000
   26    6        0.0000000000
   26    7        0.0000000000
   26    8       -0.1266616773
   26    9       -0.0000000000
   26   10       -0.0000000000
   26   11       -0.0000000000
   26   12       -0.0000000000
   26   13       -0.1412986936
   26   14        0.0000000000
   26   15        0.4489653753
   26   16       -0.0000000000
   26   17       -0.0000000000
   26   18       -0.0000000000
   26   19       -0.0000000000
   26   20       -0.0000000000
   26   21        0.0000000000
   26   22       -0.0000000000
   26   23        0.0000000000
   26   24        0.0788754156
   26   25        0.0858776269
   27    1        0.0000000000
   27    2        0.0000000000
   27    3        0.0000000000
   27    4        0.0000000000
   27    5        0.0000000000
   27    6        0.0000000000
   27    7        0.0000000000
   27    8       -0.5485311293
   27    9        0.0000000000
   27   10        0.0000000000
   27   11        0.0000000000
   27   12        0.0000000000
   27   13        0.2939602790
   27   14       -0.0000000000
   27   15       -0.2617099346
   27   16        0.0000000000
   27   17       -0.0000000000
   27   18        0.0000000000
   27   19       -0.0000000000
   27   20       -0.0000000000
   27   21        0.0000000000
   27   22       -0.0000000000
   27   23        0.0000000000
   27   24        0.1315608196
   27   25        0.2274819948
   27   26       -0.0000000000
   28    1        0.0000000000
   28    2        0.0000000000
   28    3        0.0000000000
   28    4        0.0000000000
   28    5        0.0000000000
   28    6        0.0000000000
   28    7        0.0000000000
   28    8       -0.0000000000
   28    9       -0.0000000000
   28   10        0.0000000000
   28   11        0.1553690289
   28   12       -0.0000000000
   28   13        0.0000000000
   28   14       -0.0000000000
   28   15       -0.0000000000
   28   16        0.0000000000
   28   17        0.0779849934
   28   18       -0.0000000000
   28   19       -0.0000000000
   28   20       -0.0000000000
   28   21        0.0000000000
   28   22        0.5585431572
   28   23       -0.2255764941
   28   24        0.0000000000
   28   25        0.0000000000
   28   26       -0.1293112370
   28   27       -0.4489353938
   29    1        0.0000000000
   29    2        0.0000000000
   29    3        0.0000000000
   29    4        0.0000000000
   29    5        0.0000000000
   29    6        0.0000000000
   29    7        0.0000000000
   29    8        0.0000000000
   29    9       -0.0000000000
   29   10        0.0000000000
   29   11        0.1056602273
   29   12       -0.0000000000
   29   13        0.0000000000
   29   14       -0.0000000000
   29   15       -0.0000000000
   29   16       -0.0000000000
   29   17       -0.0854874513
   29   18       -0.0000000000
   29   19        0.0000000000
   29   20        0.0000000000
   29   21        0.0000000000
   29   22       -0.1746383014
   29   23        0.0793736280
   29   24       -0.0000000000
   29   25       -0.0000000000
   29   26       -0.0617096971
   29   27       -0.1676022352
   29   28       -0.0000000000
   30    1        0.0000000000
   30    2        0.0000000000
   30    3        0.0000000000
   30    4        0.0000000000
   30    5        0.0000000000
   30    6        0.0000000000
   30    7        0.0000000000
   30    8        0.0000000000
   30    9       -0.0000000000
   30   10        0.0000000000
   30   11        0.1015660568
   30   12       -0.0000000000
   30   13       -0.0000000000
   30   14        0.0000000000
   30   15        0.0000000000
   30   16       -0.0000000000
   30   17       -0.0329442762
   30   18        0.0000000000
   30   19        0.0000000000
   30   20        0.0000000000
   30   21       -0.0000000000
   30   22       -0.0014219506
   30   23        0.4285643749
   30   24       -0.0000000000
   30   25       -0.0000000000
   30   26       -0.1130389983
   30   27       -0.2409569994
   30   28       -0.0000000000
   30   29       -0.0000000000
   31    1        0.0000000000
   31    2        0.0000000000
   31    3        0.0000000000
   31    4        0.0000000000
   31    5        0.0000000000
   31    6        0.0000000000
   31    7        0.0000000000
   31    8       -0.0970021950
   31    9        0.0000000000
   31   10        0.0000000000
   31   11        0.0000000000
   31   12       -0.0000000000
   31   13       -0.0119958357
   31   14       -0.0000000000
   31   15       -0.1330363356
   31   16        0.0000000000
   31   17       -0.0000000000
   31   18       -0.0000000000
   31   19        0.0000000000
   31   20       -0.0000000000
   31   21       -0.0000000000
   31   22       -0.0000000000
   31   23        0.0000000000
   31   24        0.4375420721
   31   25        0.0916355274
   31   26       -0.0000000000
   31   27        0.0000000000
   31   28        0.1232322290
   31   29        0.1319504947
   31   30        0.3607273149
   32    1        0.0000000000
   32    2        0.0000000000
   32    3        0.0000000000
   32    4        0.0000000000
   32    5        0.0000000000
   32    6        0.0000000000
   32    7        0.0000000000
   32    8        0.0000000000
   32    9       -0.0000000000
   32   10        0.0000000000
   32   11        0.3196324413
   32   12       -0.0000000000
   32   13        0.0000000000
   32   14       -0.0000000000
   32   15        0.0000000000
   32   16       -0.0000000000
   32   17       -0.4450041999
   32   18       -0.0000000000
   32   19       -0.0000000000
   32   20       -0.0000000000
   32   21        0.0000000000
   32   22       -0.0044494008
   32   23       -0.0791457701
   32   24        0.0000000000
   32   25       -0.0000000000
   32   26       -0.2573044781
   32   27       -0.0462911583
   32   28        0.0000000000
   32   29        0.0000000000
   32   30       -0.0000000000
   32   31        0.0469227131
   33    1        0.0000000000
   33    2        0.0000000000
   33    3        0.0000000000
   33    4        0.0000000000
   33    5        0.0000000000
   33    6        0.0000000000
   33    7       -0.0000000000
   33    8        0.0321288880
   33    9        0.0000000000
   33   10        0.0000000000
   33   11        0.0000000000
   33   12        0.0000000000
   33   13        0.2320014659
   33   14       -0.0000000000
   33   15       -0.4547270623
   33   16        0.0000000000
   33   17       -0.0000000000
   33   18        0.0000000000
   33   19        0.0000000000
   33   20       -0.0000000000
   33   21       -0.0000000000
   33   22       -0.0000000000
   33   23        0.0000000000
   33   24        0.0242104933
   33   25        0.1093038494
   33   26       -0.0000000000
   33   27        0.0000000000
   33   28       -0.1386723588
   33   29       -0.1315243608
   33   30       -0.1686905006
   33   31       -0.0000000000
   33   32       -0.6103147475
   34    1        0.0000000000
   34    2        0.0000000000
   34    3        0.0000000000
   34    4        0.0000000000
   34    5        0.0000000000
   34    6        0.0000000000
   34    7       -0.0000000000
   34    8        0.5044040408
   34    9        0.0000000000
   34   10        0.0000000000
   34   11       -0.0000000000
   34   12        0.0000000000
   34   13        0.7927909129
   34   14        0.0000000000
   34   15        0.2583425669
   34   16        0.0000000000
   34   17       -0.0000000000
   34   18       -0.0000000000
   34   19       -0.0000000000
   34   20       -0.0000000000
   34   21       -0.0000000000
   34   22       -0.0000000000
   34   23        0.0000000000
   34   24        0.0781216931
   34   25        0.0350668542
   34   26       -0.0000000000
   34   27        0.0000000000
   34   28        0.1086717573
   34   29        0.0720596848
   34   30        0.0979213200
   34   31       -0.0000000000
   34   32        0.0801770071
   34   33       -0.0000000000
   35    1        0.0000000000
   35    2        0.0000000000
   35    3        0.0000000000
   35    4        0.0000000000
   35    5        0.0000000000
   35    6        0.0000000000
   35    7       -0.0000000000
   35    8        0.0020560927
   35    9        0.0000000000
   35   10       -0.0000000000
   35   11       -0.0000000000
   35   12        0.0000000000
   35   13        0.0458744818
   35   14       -0.0000000000
   35   15       -0.1369261732
   35   16        0.0000000000
   35   17        0.0000000000
   35   18       -0.0000000000
   35   19       -0.0000000000
   35   20       -0.0000000000
   35   21        0.0000000000
   35   22       -0.0000000000
   35   23        0.0000000000
   35   24       -0.1042926121
   35   25        0.7149449519
   35   26        0.0000000000
   35   27       -0.0000000000
   35   28       -0.5735488161
   35   29        0.1662249809
   35   30        0.0721377023
   35   31        0.0000000000
   35   32        0.3085383508
   35   33        0.0000000000
   35   34        0.0000000000
   36    1        0.0000000000
   36    2        0.0000000000
   36    3        0.0000000000
   36    4        0.0000000000
   36    5        0.0000000000
   36    6        0.0000000000
   36    7       -0.0000000000
   36    8        0.0000000000
   36    9        0.0000000000
   36   10       -0.0000000000
   36   11       -0.1275927438
   36   12        0.0000000000
   36   13       -0.0000000000
   36   14       -0.0000000000
   36   15        0.0000000000
   36   16        0.0000000000
   36   17        0.2168088969
   36   18        0.0000000000
   36   19        0.0000000000
   36   20        0.0000000000
   36   21       -0.0000000000
   36   22       -0.0035639500
   36   23        0.1243116635
   36   24       -0.0000000000
   36   25       -0.0000000000
   36   26        0.7558804350
   36   27       -0.2028572732
   36   28        0.0000000000
   36   29        0.0000000000
   36   30        0.0000000000
   36   31        0.2116561543
   36   32       -0.0000000000
   36   33        0.5134340117
   36   34       -0.0001050751
   36   35       -0.0103067530
   37    1        0.0000000000
   37    2        0.0000000000
   37    3        0.0000000000
   37    4        0.0000000000
   37    5        0.0000000000
   37    6        0.0000000000
   37    7       -0.0000000000
   37    8        0.0047549146
   37    9        0.0000000000
   37   10       -0.0000000000
   37   11        0.0000000000
   37   12       -0.0000000000
   37   13       -0.0383212490
   37   14        0.0000000000
   37   15        0.1245245500
   37   16       -0.0000000000
   37   17       -0.0000000000
   37   18       -0.0000000000
   37   19       -0.0000000000
   37   20        0.0000000000
   37   21        0.0000000000
   37   22        0.0000000000
   37   23       -0.0000000000
   37   24       -0.6117808633
   37   25       -0.0775745683
   37   26       -0.0000000000
   37   27        0.0000000000
   37   28       -0.0559289196
   37   29        0.2562593366
   37   30        0.6371923680
   37   31       -0.0000000000
   37   32       -0.3567919273
   37   33       -0.0000000000
   37   34        0.0000000000
   37   35        0.0000000000
   37   36       -0.0143937900
   38    1        0.0000000000
   38    2        0.0000000000
   38    3        0.0000000000
   38    4        0.0000000000
   38    5        0.0000000000
   38    6        0.0000000000
   38    7       -0.0000000000
   38    8       -0.0000000000
   38    9        0.0000000000
   38   10       -0.0000000000
   38   11       -0.0461936808
   38   12        0.0000000000
   38   13       -0.0000000000
   38   14       -0.0000000000
   38   15       -0.0000000000
   38   16        0.0000000000
   38   17       -0.0314552631
   38   18        0.0000000000
   38   19       -0.0000000000
   38   20       -0.0000000000
   38   21        0.0000000000
   38   22        0.0059864356
   38   23       -0.4388299097
   38   24       -0.0000000000
   38   25        0.0000000000
   38   26        0.2784663366
   38   27        0.3737459052
   38   28       -0.0000000000
   38   29       -0.0000000000
   38   30        0.0000000000
   38   31       -0.7499354473
   38   32        0.0000000000
   38   33        0.1553886911
   38   34       -0.0050196120
   38   35       -0.0025558927
   38   36       -0.0000000000
   38   37       -0.0197466863
   39    1        0.0000000000
   39    2        0.0000000000
   39    3        0.0000000000
   39    4        0.0000000000
   39    5        0.0000000000
   39    6        0.0000000000
   39    7       -0.0000000000
   39    8        0.1086168439
   39    9       -0.0000000000
   39   10        0.0000000000
   39   11        0.0000000000
   39   12       -0.0000000000
   39   13       -0.0976464910
   39   14       -0.0000000000
   39   15        0.0177434006
   39   16        0.0000000000
   39   17       -0.0000000000
   39   18       -0.0000000000
   39   19       -0.0000000000
   39   20       -0.0000000000
   39   21        0.0000000000
   39   22       -0.0000000000
   39   23       -0.0000000000
   39   24        0.0474573414
   39   25       -0.0048503125
   39   26       -0.0000000000
   39   27        0.0000000000
   39   28        0.1017210110
   39   29        0.8829658693
   39   30       -0.3933246078
   39   31       -0.0000000000
   39   32       -0.1468450574
   39   33       -0.0000000000
   39   34       -0.0000000000
   39   35       -0.0000000000
   39   36       -0.0039196823
   39   37       -0.0000000000
   39   38       -0.0083186446
  Coriolis Zeta matrix for IXYZ=                     3 :
    2    1        0.0000000000
    3    1        0.0000000000
    3    2        0.0000000000
    4    1        0.0000000000
    4    2        0.0000000000
    4    3        0.0000000000
    5    1        0.0000000000
    5    2        0.0000000000
    5    3        0.0000000000
    5    4        0.0000000000
    6    1        0.0000000000
    6    2        0.0000000000
    6    3        0.0000000000
    6    4        0.0000000000
    6    5        0.0000000000
    7    1        0.0000000000
    7    2        0.0000000000
    7    3        0.0000000000
    7    4        0.0000000000
    7    5        0.0000000000
    7    6        0.0000000000
    8    1        0.0000000000
    8    2        0.0000000000
    8    3        0.0000000000
    8    4        0.0000000000
    8    5        0.0000000000
    8    6        0.0000000000
    8    7        0.8295675839
    9    1        0.0000000000
    9    2        0.0000000000
    9    3        0.0000000000
    9    4        0.0000000000
    9    5        0.0000000000
    9    6        0.0000000000
    9    7        0.0000000000
    9    8       -0.1912910341
   10    1        0.0000000000
   10    2        0.0000000000
   10    3        0.0000000000
   10    4        0.0000000000
   10    5        0.0000000000
   10    6        0.0000000000
   10    7        0.0000000000
   10    8       -0.0000000000
   10    9        0.0000000000
   11    1        0.0000000000
   11    2        0.0000000000
   11    3        0.0000000000
   11    4        0.0000000000
   11    5        0.0000000000
   11    6        0.0000000000
   11    7       -0.0000000000
   11    8        0.0000000000
   11    9       -0.0000000000
   11   10       -0.0078009413
   12    1        0.0000000000
   12    2        0.0000000000
   12    3        0.0000000000
   12    4        0.0000000000
   12    5        0.0000000000
   12    6        0.0000000000
   12    7        0.0000000000
   12    8       -0.0443493530
   12    9        0.0000000000
   12   10       -0.0000000000
   12   11       -0.0000000000
   13    1        0.0000000000
   13    2        0.0000000000
   13    3        0.0000000000
   13    4        0.0000000000
   13    5        0.0000000000
   13    6        0.0000000000
   13    7       -0.1904271512
   13    8       -0.0000000000
   13    9        0.6497486920
   13   10        0.0000000000
   13   11        0.0000000000
   13   12        0.5788266942
   14    1        0.0000000000
   14    2        0.0000000000
   14    3        0.0000000000
   14    4        0.0000000000
   14    5        0.0000000000
   14    6        0.0000000000
   14    7        0.0000000000
   14    8       -0.0803607744
   14    9        0.0000000000
   14   10       -0.0000000000
   14   11        0.0000000000
   14   12       -0.0000000000
   14   13       -0.3834576631
   15    1        0.0000000000
   15    2        0.0000000000
   15    3        0.0000000000
   15    4        0.0000000000
   15    5        0.0000000000
   15    6        0.0000000000
   15    7        0.4042158486
   15    8        0.0000000000
   15    9        0.2277382981
   15   10        0.0000000000
   15   11       -0.0000000000
   15   12       -0.2423511733
   15   13        0.0000000000
   15   14        0.2405242595
   16    1        0.0000000000
   16    2        0.0000000000
   16    3        0.0000000000
   16    4        0.0000000000
   16    5        0.0000000000
   16    6        0.0000000000
   16    7       -0.0000000000
   16    8        0.0044743082
   16    9        0.0000000000
   16   10       -0.0000000000
   16   11       -0.0000000000
   16   12       -0.0000000000
   16   13       -0.1974158658
   16   14        0.0000000000
   16   15        0.1068606195
   17    1        0.0000000000
   17    2        0.0000000000
   17    3        0.0000000000
   17    4        0.0000000000
   17    5        0.0000000000
   17    6        0.0000000000
   17    7        0.0000000000
   17    8       -0.0000000000
   17    9        0.0000000000
   17   10       -0.0494550492
   17   11        0.0000000000
   17   12       -0.0000000000
   17   13        0.0000000000
   17   14        0.0000000000
   17   15       -0.0000000000
   17   16       -0.0000000000
   18    1        0.0000000000
   18    2        0.0000000000
   18    3        0.0000000000
   18    4        0.0000000000
   18    5        0.0000000000
   18    6        0.0000000000
   18    7       -0.0000000000
   18    8       -0.0000000000
   18    9       -0.0000000000
   18   10        0.0000000000
   18   11        0.1266182285
   18   12       -0.0000000000
   18   13        0.0000000000
   18   14       -0.0000000000
   18   15       -0.0000000000
   18   16       -0.0000000000
   18   17       -0.2297914447
   19    1        0.0000000000
   19    2        0.0000000000
   19    3        0.0000000000
   19    4        0.0000000000
   19    5        0.0000000000
   19    6        0.0000000000
   19    7       -0.0000000000
   19    8        0.0091836039
   19    9        0.0000000000
   19   10        0.0000000000
   19   11        0.0000000000
   19   12       -0.0000000000
   19   13       -0.0510174411
   19   14       -0.0000000000
   19   15       -0.0391995473
   19   16        0.0000000000
   19   17       -0.0000000000
   19   18       -0.0000000000
   20    1        0.0000000000
   20    2        0.0000000000
   20    3        0.0000000000
   20    4        0.0000000000
   20    5        0.0000000000
   20    6        0.0000000000
   20    7        0.0000000000
   20    8       -0.0061991232
   20    9        0.0000000000
   20   10        0.0000000000
   20   11       -0.0000000000
   20   12       -0.0000000000
   20   13        0.0631161485
   20   14       -0.0000000000
   20   15       -0.1841181630
   20   16       -0.0000000000
   20   17        0.0000000000
   20   18        0.0000000000
   20   19        0.0000000000
   21    1        0.0000000000
   21    2        0.0000000000
   21    3        0.0000000000
   21    4        0.0000000000
   21    5        0.0000000000
   21    6        0.0000000000
   21    7        0.0000000000
   21    8        0.0000000000
   21    9       -0.0000000000
   21   10       -0.0000000000
   21   11        0.0096553108
   21   12        0.0000000000
   21   13       -0.0000000000
   21   14        0.0000000000
   21   15        0.0000000000
   21   16        0.0000000000
   21   17        0.0615295531
   21   18       -0.0000000000
   21   19       -0.0000000000
   21   20       -0.0000000000
   22    1        0.0000000000
   22    2        0.0000000000
   22    3        0.0000000000
   22    4        0.0000000000
   22    5        0.0000000000
   22    6        0.0000000000
   22    7       -0.0000000000
   22    8        0.0000000000
   22    9        0.0000000000
   22   10       -0.5425729298
   22   11        0.0000000000
   22   12       -0.0000000000
   22   13        0.0000000000
   22   14        0.0000000000
   22   15       -0.0000000000
   22   16       -0.0000000000
   22   17        0.0000000000
   22   18       -0.0839403809
   22   19       -0.0000000000
   22   20        0.0000000000
   22   21       -0.1306814954
   23    1        0.0000000000
   23    2        0.0000000000
   23    3        0.0000000000
   23    4        0.0000000000
   23    5        0.0000000000
   23    6        0.0000000000
   23    7        0.0000000000
   23    8        0.0000000000
   23    9       -0.0000000000
   23   10        0.7574124680
   23   11       -0.0000000000
   23   12        0.0000000000
   23   13       -0.0000000000
   23   14       -0.0000000000
   23   15        0.0000000000
   23   16        0.0000000000
   23   17        0.0000000000
   23   18       -0.0274758048
   23   19        0.0000000000
   23   20       -0.0000000000
   23   21       -0.0581775543
   23   22       -0.0000000000
   24    1        0.0000000000
   24    2        0.0000000000
   24    3        0.0000000000
   24    4        0.0000000000
   24    5        0.0000000000
   24    6        0.0000000000
   24    7        0.1627418496
   24    8        0.0000000000
   24    9       -0.2557826661
   24   10       -0.0000000000
   24   11       -0.0000000000
   24   12        0.1968133359
   24   13       -0.0000000000
   24   14       -0.0009596020
   24   15       -0.0000000000
   24   16        0.4369380977
   24   17       -0.0000000000
   24   18       -0.0000000000
   24   19        0.1039997605
   24   20       -0.0951711828
   24   21        0.0000000000
   24   22       -0.0000000000
   24   23        0.0000000000
   25    1        0.0000000000
   25    2        0.0000000000
   25    3        0.0000000000
   25    4        0.0000000000
   25    5        0.0000000000
   25    6        0.0000000000
   25    7        0.2437716806
   25    8        0.0000000000
   25    9       -0.4588008721
   25   10       -0.0000000000
   25   11        0.0000000000
   25   12        0.3451875762
   25   13       -0.0000000000
   25   14        0.1005387036
   25   15       -0.0000000000
   25   16        0.1733619556
   25   17       -0.0000000000
   25   18       -0.0000000000
   25   19       -0.0030447148
   25   20       -0.4608946457
   25   21        0.0000000000
   25   22       -0.0000000000
   25   23        0.0000000000
   25   24       -0.0000000000
   26    1        0.0000000000
   26    2        0.0000000000
   26    3        0.0000000000
   26    4        0.0000000000
   26    5        0.0000000000
   26    6        0.0000000000
   26    7       -0.0000000000
   26    8        0.0000000000
   26    9        0.0000000000
   26   10       -0.0097541701
   26   11       -0.0000000000
   26   12       -0.0000000000
   26   13       -0.0000000000
   26   14       -0.0000000000
   26   15        0.0000000000
   26   16       -0.0000000000
   26   17       -0.0000000000
   26   18        0.3350246393
   26   19        0.0000000000
   26   20       -0.0000000000
   26   21        0.0564923014
   26   22       -0.0000000000
   26   23       -0.0000000000
   26   24        0.0000000000
   26   25       -0.0000000000
   27    1        0.0000000000
   27    2        0.0000000000
   27    3        0.0000000000
   27    4        0.0000000000
   27    5        0.0000000000
   27    6        0.0000000000
   27    7       -0.0000000000
   27    8        0.0000000000
   27    9       -0.0000000000
   27   10        0.0299572982
   27   11       -0.0000000000
   27   12        0.0000000000
   27   13       -0.0000000000
   27   14       -0.0000000000
   27   15       -0.0000000000
   27   16        0.0000000000
   27   17        0.0000000000
   27   18       -0.0587673163
   27   19       -0.0000000000
   27   20        0.0000000000
   27   21        0.2285323915
   27   22        0.0000000000
   27   23        0.0000000000
   27   24        0.0000000000
   27   25       -0.0000000000
   27   26        0.0000000000
   28    1        0.0000000000
   28    2        0.0000000000
   28    3        0.0000000000
   28    4        0.0000000000
   28    5        0.0000000000
   28    6        0.0000000000
   28    7       -0.0316168218
   28    8       -0.0000000000
   28    9       -0.3539802202
   28   10       -0.0000000000
   28   11       -0.0000000000
   28   12        0.1666248131
   28   13        0.0000000000
   28   14        0.3340182145
   28   15       -0.0000000000
   28   16        0.1772675431
   28   17       -0.0000000000
   28   18        0.0000000000
   28   19        0.1075888018
   28   20        0.5243841477
   28   21       -0.0000000000
   28   22        0.0000000000
   28   23       -0.0000000000
   28   24        0.0000000000
   28   25        0.0000000000
   28   26       -0.0000000000
   28   27        0.0000000000
   29    1        0.0000000000
   29    2        0.0000000000
   29    3        0.0000000000
   29    4        0.0000000000
   29    5        0.0000000000
   29    6        0.0000000000
   29    7       -0.0902861346
   29    8       -0.0000000000
   29    9       -0.0785545954
   29   10       -0.0000000000
   29   11       -0.0000000000
   29   12        0.0138224805
   29   13        0.0000000000
   29   14        0.2397233945
   29   15       -0.0000000000
   29   16        0.1935817728
   29   17       -0.0000000000
   29   18        0.0000000000
   29   19       -0.5191077013
   29   20       -0.1095085111
   29   21        0.0000000000
   29   22       -0.0000000000
   29   23        0.0000000000
   29   24        0.0000000000
   29   25       -0.0000000000
   29   26       -0.0000000000
   29   27       -0.0000000000
   29   28       -0.0000000000
   30    1        0.0000000000
   30    2        0.0000000000
   30    3        0.0000000000
   30    4        0.0000000000
   30    5        0.0000000000
   30    6        0.0000000000
   30    7       -0.0372461515
   30    8       -0.0000000000
   30    9       -0.2689280515
   30   10       -0.0000000000
   30   11        0.0000000000
   30   12        0.1319704124
   30   13        0.0000000000
   30   14        0.4549883181
   30   15       -0.0000000000
   30   16       -0.3679030964
   30   17        0.0000000000
   30   18        0.0000000000
   30   19        0.1895005312
   30   20        0.3318908085
   30   21       -0.0000000000
   30   22        0.0000000000
   30   23       -0.0000000000
   30   24       -0.0000000000
   30   25        0.0000000000
   30   26       -0.0000000000
   30   27        0.0000000000
   30   28       -0.0000000000
   30   29        0.0000000000
   31    1        0.0000000000
   31    2        0.0000000000
   31    3        0.0000000000
   31    4        0.0000000000
   31    5        0.0000000000
   31    6        0.0000000000
   31    7       -0.0000000000
   31    8        0.0000000000
   31    9        0.0000000000
   31   10       -0.2950866250
   31   11        0.0000000000
   31   12       -0.0000000000
   31   13        0.0000000000
   31   14        0.0000000000
   31   15       -0.0000000000
   31   16       -0.0000000000
   31   17       -0.0000000000
   31   18        0.0124529555
   31   19        0.0000000000
   31   20       -0.0000000000
   31   21       -0.4550649004
   31   22       -0.0000000000
   31   23       -0.0000000000
   31   24       -0.0000000000
   31   25        0.0000000000
   31   26       -0.0000000000
   31   27       -0.0000000000
   31   28        0.0000000000
   31   29        0.0000000000
   31   30        0.0000000000
   32    1        0.0000000000
   32    2        0.0000000000
   32    3        0.0000000000
   32    4        0.0000000000
   32    5        0.0000000000
   32    6        0.0000000000
   32    7       -0.1024143932
   32    8       -0.0000000000
   32    9        0.0212877025
   32   10        0.0000000000
   32   11       -0.0000000000
   32   12       -0.6187529643
   32   13        0.0000000000
   32   14        0.5645438785
   32   15       -0.0000000000
   32   16        0.3218045996
   32   17       -0.0000000000
   32   18       -0.0000000000
   32   19       -0.0106038843
   32   20       -0.2457348133
   32   21        0.0000000000
   32   22       -0.0000000000
   32   23        0.0000000000
   32   24       -0.0000000000
   32   25       -0.0000000000
   32   26        0.0000000000
   32   27       -0.0000000000
   32   28        0.0000000000
   32   29       -0.0000000000
   32   30       -0.0000000000
   32   31        0.0000000000
   33    1        0.0000000000
   33    2        0.0000000000
   33    3        0.0000000000
   33    4        0.0000000000
   33    5        0.0000000000
   33    6        0.0000000000
   33    7        0.0000000000
   33    8       -0.0000000000
   33    9       -0.0000000000
   33   10        0.0125544288
   33   11        0.0000000000
   33   12        0.0000000000
   33   13        0.0000000000
   33   14       -0.0000000000
   33   15        0.0000000000
   33   16       -0.0000000000
   33   17       -0.0000000000
   33   18        0.2986249507
   33   19        0.0000000000
   33   20       -0.0000000000
   33   21        0.0184678861
   33   22       -0.0000000000
   33   23       -0.0000000000
   33   24       -0.0000000000
   33   25        0.0000000000
   33   26       -0.0000000000
   33   27       -0.0000000000
   33   28       -0.0000000000
   33   29        0.0000000000
   33   30        0.0000000000
   33   31       -0.0000000000
   33   32       -0.0000000000
   34    1        0.0000000000
   34    2        0.0000000000
   34    3        0.0000000000
   34    4        0.0000000000
   34    5        0.0000000000
   34    6        0.0000000000
   34    7        0.0000000000
   34    8       -0.0000000000
   34    9        0.0000000000
   34   10       -0.0033372977
   34   11        0.0000000000
   34   12        0.0000000000
   34   13        0.0000000000
   34   14       -0.0000000000
   34   15        0.0000000000
   34   16        0.0000000000
   34   17        0.0000000000
   34   18        0.0027211685
   34   19       -0.0000000000
   34   20        0.0000000000
   34   21        0.0002480843
   34   22        0.0000000000
   34   23       -0.0000000000
   34   24       -0.0000000000
   34   25       -0.0000000000
   34   26       -0.0000000000
   34   27        0.0000000000
   34   28        0.0000000000
   34   29       -0.0000000000
   34   30        0.0000000000
   34   31       -0.0000000000
   34   32        0.0000000000
   34   33       -0.0000000000
   35    1        0.0000000000
   35    2        0.0000000000
   35    3        0.0000000000
   35    4        0.0000000000
   35    5        0.0000000000
   35    6        0.0000000000
   35    7       -0.0000000000
   35    8        0.0000000000
   35    9       -0.0000000000
   35   10        0.1440670809
   35   11       -0.0000000000
   35   12        0.0000000000
   35   13       -0.0000000000
   35   14        0.0000000000
   35   15        0.0000000000
   35   16       -0.0000000000
   35   17       -0.0000000000
   35   18        0.2241606541
   35   19        0.0000000000
   35   20       -0.0000000000
   35   21       -0.5827431922
   35   22       -0.0000000000
   35   23       -0.0000000000
   35   24       -0.0000000000
   35   25        0.0000000000
   35   26       -0.0000000000
   35   27       -0.0000000000
   35   28        0.0000000000
   35   29        0.0000000000
   35   30       -0.0000000000
   35   31       -0.0000000000
   35   32       -0.0000000000
   35   33        0.0000000000
   35   34        0.0000000000
   36    1        0.0000000000
   36    2        0.0000000000
   36    3        0.0000000000
   36    4        0.0000000000
   36    5        0.0000000000
   36    6        0.0000000000
   36    7       -0.0722872657
   36    8       -0.0000000000
   36    9       -0.0067112106
   36   10        0.0000000000
   36   11        0.0000000000
   36   12       -0.0426045633
   36   13        0.0000000000
   36   14        0.1198997527
   36   15        0.0000000000
   36   16       -0.1997756783
   36   17        0.0000000000
   36   18       -0.0000000000
   36   19        0.7132611664
   36   20       -0.4240078773
   36   21       -0.0000000000
   36   22       -0.0000000000
   36   23       -0.0000000000
   36   24       -0.0000000000
   36   25        0.0000000000
   36   26        0.0000000000
   36   27        0.0000000000
   36   28        0.0000000000
   36   29       -0.0000000000
   36   30       -0.0000000000
   36   31       -0.0000000000
   36   32       -0.0000000000
   36   33        0.0000000000
   36   34        0.0000000000
   36   35       -0.0000000000
   37    1        0.0000000000
   37    2        0.0000000000
   37    3        0.0000000000
   37    4        0.0000000000
   37    5        0.0000000000
   37    6        0.0000000000
   37    7        0.0000000000
   37    8       -0.0000000000
   37    9       -0.0000000000
   37   10        0.1429186434
   37   11       -0.0000000000
   37   12        0.0000000000
   37   13       -0.0000000000
   37   14       -0.0000000000
   37   15       -0.0000000000
   37   16        0.0000000000
   37   17        0.0000000000
   37   18       -0.2702345532
   37   19       -0.0000000000
   37   20        0.0000000000
   37   21       -0.6088372184
   37   22       -0.0000000000
   37   23       -0.0000000000
   37   24       -0.0000000000
   37   25        0.0000000000
   37   26       -0.0000000000
   37   27       -0.0000000000
   37   28        0.0000000000
   37   29        0.0000000000
   37   30       -0.0000000000
   37   31       -0.0000000000
   37   32        0.0000000000
   37   33        0.0000000000
   37   34        0.0000000000
   37   35        0.0000000000
   37   36        0.0000000000
   38    1        0.0000000000
   38    2        0.0000000000
   38    3        0.0000000000
   38    4        0.0000000000
   38    5        0.0000000000
   38    6        0.0000000000
   38    7       -0.0015772208
   38    8        0.0000000000
   38    9        0.0956729238
   38   10        0.0000000000
   38   11       -0.0000000000
   38   12       -0.1277782888
   38   13        0.0000000000
   38   14       -0.2634500156
   38   15        0.0000000000
   38   16        0.6171706415
   38   17       -0.0000000000
   38   18        0.0000000000
   38   19        0.3989216917
   38   20        0.3214130686
   38   21       -0.0000000000
   38   22        0.0000000000
   38   23       -0.0000000000
   38   24        0.0000000000
   38   25        0.0000000000
   38   26       -0.0000000000
   38   27       -0.0000000000
   38   28       -0.0000000000
   38   29        0.0000000000
   38   30       -0.0000000000
   38   31        0.0000000000
   38   32       -0.0000000000
   38   33       -0.0000000000
   38   34       -0.0000000000
   38   35        0.0000000000
   38   36       -0.0000000000
   38   37        0.0000000000
   39    1        0.0000000000
   39    2        0.0000000000
   39    3        0.0000000000
   39    4        0.0000000000
   39    5        0.0000000000
   39    6        0.0000000000
   39    7        0.0000000000
   39    8       -0.0000000000
   39    9        0.0000000000
   39   10        0.0039748098
   39   11       -0.0000000000
   39   12       -0.0000000000
   39   13        0.0000000000
   39   14       -0.0000000000
   39   15       -0.0000000000
   39   16        0.0000000000
   39   17        0.0000000000
   39   18       -0.7713972049
   39   19       -0.0000000000
   39   20        0.0000000000
   39   21        0.0504241948
   39   22        0.0000000000
   39   23        0.0000000000
   39   24       -0.0000000000
   39   25       -0.0000000000
   39   26        0.0000000000
   39   27        0.0000000000
   39   28        0.0000000000
   39   29       -0.0000000000
   39   30       -0.0000000000
   39   31        0.0000000000
   39   32        0.0000000000
   39   33       -0.0000000000
   39   34       -0.0000000000
   39   35        0.0000000000
   39   36       -0.0000000000
   39   37        0.0000000000
   39   38        0.0000000000
