    7    8   10             3.2577237528
    8    9   10            -1.5885094364
    7    7   11            48.5583533164
    8    8   11            32.0053572046
    7    9   11            14.8421691530
    9    9   11            15.2141476462
   10   10   11            11.1899603421
   11   11   11           -14.9476616913
    8   10   12            -4.1942148638
    7   11   12            -2.8457550981
    9   11   12             6.4202281899
   11   12   12            -2.3493478621
    7   10   13            -7.1094692540
    9   10   13             1.6294580223
    8   11   13            16.6020713815
   10   12   13             8.0205294897
   11   13   13             5.2694309311
    8   10   14            -4.6017361254
    7   11   14            -4.0973640188
    9   11   14            10.7556542260
   11   12   14            19.2509817378
   10   13   14            -1.6637445950
   11   14   14            -4.1089477468
    7   10   15            -9.4753361424
    9   10   15             3.7838100181
    8   11   15             7.4217813054
   10   12   15             3.5600638417
   11   13   15            -5.4333064121
   10   14   15             9.0475051243
   11   15   15            -4.4068499974
    8   10   16            -1.6993103181
    7   11   16             0.7591035296
    9   11   16            -1.5346429642
   11   12   16             8.8172251405
   10   13   16             0.9429581737
   11   14   16            -1.3603285513
   10   15   16            -5.9968182883
   11   16   16             1.8156402951
    7    7   17            33.7663515099
    8    8   17            52.0677924680
    7    9   17            30.0627835308
    9    9   17            35.0707386327
   10   10   17            18.5346055946
   11   11   17           -15.0480201496
    7   12   17            -3.0145473957
    9   12   17             8.3993783327
   12   12   17            20.3524551687
    8   13   17            18.7404018249
   13   13   17            21.2571151098
    7   14   17            -2.6186015745
    9   14   17            -3.3160955104
   12   14   17            13.8043461769
   14   14   17            25.9197125832
    8   15   17             8.5160508677
   13   15   17             0.9087157945
   15   15   17           -10.2596587116
    7   16   17            -1.0936502008
    9   16   17             2.7802815445
   12   16   17           -12.7136318747
   14   16   17            13.1692781252
   16   16   17            -0.0491953674
   11   17   17           -24.7339823125
   17   17   17           -44.2594840999
    7    8   18             0.6117789382
    8    9   18             0.3289772708
   10   11   18             3.2668006039
    8   12   18             0.7181934964
    7   13   18            -2.0678132504
    9   13   18             3.9315713889
   12   13   18            -3.5792322092
    8   14   18            -1.7828237650
   13   14   18             5.3239653671
    7   15   18            -5.4037484258
    9   15   18             1.9713343533
   12   15   18             7.1279193906
   14   15   18            -4.9597778624
    8   16   18            -1.5319554590
   13   16   18             4.3581870649
   15   16   18            -2.6784678660
   10   17   18             9.3317243544
   11   18   18            -5.3713230601
   17   18   18             3.4806104440
    8   10   19             0.0928657284
    7   11   19            -1.6093585518
    9   11   19             0.6743819916
   11   12   19             3.9736234094
   10   13   19             0.7664381743
   11   14   19            -8.1017251366
   10   15   19             0.7882279795
   11   16   19            -3.3864595015
    7   17   19             6.2701221891
    9   17   19            -4.6003841953
   12   17   19             3.4433404283
   14   17   19            -2.9388591547
   16   17   19             2.7004288776
    8   18   19            -1.3133372738
   13   18   19             3.4826173223
   15   18   19             2.2331111340
   11   19   19            -3.2993557528
   17   19   19            -2.8719621385
    8   10   20             0.3713404038
    7   11   20             2.5632802833
    9   11   20            -1.9636798419
   11   12   20            -3.2775195244
   10   13   20            -0.1014426564
   11   14   20             1.9049111556
   10   15   20             0.3117939155
   11   16   20             1.7044824141
    7   17   20            -3.5693551780
    9   17   20            -3.9932940408
   12   17   20             2.8268488031
   14   17   20             7.7205742702
   16   17   20            -6.2242808416
    8   18   20            -0.5686123460
   13   18   20             2.3023737373
   15   18   20             3.2431333345
   11   19   20             0.9896585904
   17   19   20             9.2864598303
   11   20   20            -3.3349617829
   17   20   20             5.1649654853
    7    8   21             0.6210429557
    8    9   21             0.5231809486
   10   11   21            -1.0427136689
    8   12   21             1.3811377962
    7   13   21            -1.2818664599
    9   13   21             0.4372492939
   12   13   21             0.5219678223
    8   14   21            -1.2247485690
   13   14   21            -0.5661852154
    7   15   21            -1.4678871225
    9   15   21            -3.1230030885
   12   15   21            -3.1310025333
   14   15   21            10.7317948742
    8   16   21            -1.9741731663
   13   16   21             6.3797807336
   15   16   21            -3.4351835738
   10   17   21             2.6060048707
   11   18   21             0.8433921685
   17   18   21             8.9202163880
    8   19   21            -2.9585035625
   13   19   21             2.6277882908
   15   19   21             2.6216310199
    8   20   21            -0.8002380033
   13   20   21             2.8745554823
   15   20   21            -7.7108741973
   11   21   21             0.2270447046
   17   21   21           -11.6973428337
    7    7   22           -54.1014380768
    8    8   22           -23.6715473501
    7    9   22            31.4923084330
    9    9   22           -35.1039556689
   10   10   22           -48.1091129769
   11   11   22             3.2269893172
    7   12   22           -15.4714634176
    9   12   22             5.0881414903
   12   12   22           -45.5877781042
    8   13   22             6.6463780049
   13   13   22            -4.7340008073
    7   14   22             3.7224912490
    9   14   22            21.7597324521
   12   14   22            52.8312733879
   14   14   22           -82.1213530064
    8   15   22             2.8791389117
   13   15   22            -1.6207390314
   15   15   22             3.4316989207
    7   16   22            -1.1530523180
    9   16   22            14.6163717626
   12   16   22           -13.7136366068
   14   16   22            -2.9148022712
   16   16   22            -8.0231670763
   11   17   22             3.3139065799
   17   17   22            13.4375044358
   10   18   22            16.8647203280
   18   18   22             0.1772105484
    7   19   22             3.8469105459
    9   19   22            -1.6782709377
   12   19   22            18.4680922967
   14   19   22           -19.9046802118
   16   19   22             0.3038675271
   19   19   22             5.6092757365
    7   20   22            -1.5407809601
    9   20   22             1.6459813021
   12   20   22           -10.0921970282
   14   20   22             9.0603572968
   16   20   22           -12.2999220755
   19   20   22            15.6677051161
   20   20   22             9.1648128303
   10   21   22           -12.5016308474
   18   21   22            22.8144055860
   21   21   22            -5.1612719633
   11   22   22            -7.8834098577
   17   22   22           -16.5368747187
   22   22   22            36.1331114677
    7    7   23           -26.8715741078
    8    8   23            -8.9010659513
    7    9   23            29.2074431709
    9    9   23           -15.5597038453
   10   10   23           -30.8649497219
   11   11   23             1.1328584703
    7   12   23            -9.2963040580
    9   12   23            34.9216888434
   12   12   23           -35.9354517302
    8   13   23            11.7002968841
   13   13   23             2.1402950998
    7   14   23            -7.2222268745
    9   14   23           -15.6418234550
   12   14   23             2.5458277476
   14   14   23            30.0951018313
    8   15   23             5.5885767802
   13   15   23            -3.9865998157
   15   15   23            -1.4834242786
    7   16   23             7.7642186583
    9   16   23            -7.8482456954
   12   16   23             9.0258201979
   14   16   23             5.1553486556
   16   16   23           -11.5477772415
   11   17   23            -3.6810706480
   17   17   23           -15.2993491660
   10   18   23             3.1983842671
   18   18   23            -1.1576803133
    7   19   23            -4.1113012184
    9   19   23            12.9236265866
   12   19   23            -9.6895426985
   14   19   23            -1.0362270037
   16   19   23            -0.1515855354
   19   19   23            -2.8770758957
    7   20   23             0.9348766256
    9   20   23             2.7522288798
   12   20   23            -3.2706229897
   14   20   23            -2.0996138314
   16   20   23             4.3175855619
   19   20   23            -6.8592495556
   20   20   23            13.7734041489
   10   21   23            -5.1342641842
   18   21   23           -16.7091772206
   21   21   23             5.9003020861
   11   22   23             2.4446736934
   17   22   23             0.1967849120
   22   22   23            18.7066777454
   11   23   23             7.4779582728
   17   23   23           -30.5469013884
   22   23   23            37.5262145699
   23   23   23            67.3613478901
    7   10   24            44.3707270573
    9   10   24             3.3165123639
    8   11   24            -2.1710188327
   10   12   24           -40.1554845970
   11   13   24            -0.7303465426
   10   14   24            22.3284171070
   11   15   24             5.5746152053
   10   16   24           -14.3513864278
    8   17   24             4.5816375091
   13   17   24            -3.2375121933
   15   17   24             1.0178456352
    7   18   24             1.0130616290
    9   18   24            -8.2861534437
   12   18   24             3.2189560429
   14   18   24            -0.1985117416
   16   18   24            13.7668466725
   10   19   24             4.2481291377
   18   19   24             3.8292284347
   10   20   24             9.5771587677
   18   20   24            -0.2928048524
    7   21   24            -5.8396854377
    9   21   24            -1.0402255505
   12   21   24            -1.5051221217
   14   21   24             6.1655714393
   16   21   24             6.3395279532
   19   21   24           -14.6696196387
   20   21   24             7.2766445373
    8   22   24             0.1452105613
   13   22   24            -2.7828131428
   15   22   24            -1.3918493675
    8   23   24             7.3432263547
   13   23   24           -22.0829652955
   15   23   24            25.8887898199
   11   24   24           -16.9992727476
   17   24   24             0.8677535144
   22   24   24            50.7754309227
   23   24   24            27.4821866643
    7   10   25           -42.7252487533
    9   10   25            13.9724633038
    8   11   25            -6.4778568195
   10   12   25             0.9476371552
   11   13   25             3.2634649507
   10   14   25            15.9349832057
   11   15   25             3.4790787534
   10   16   25            -4.9866047570
    8   17   25             6.5029259014
   13   17   25             3.4073132477
   15   17   25            -8.5475833593
    7   18   25             2.0310524893
    9   18   25           -13.3407435321
   12   18   25             8.0937070905
   14   18   25             0.4289271561
   16   18   25            -0.2486659307
   10   19   25           -10.9828625531
   18   19   25           -11.2808931611
   10   20   25             0.2094736232
   18   20   25           -27.5591675325
    7   21   25             9.2069694641
    9   21   25            -0.9923264190
   12   21   25            -3.6109070955
   14   21   25            -4.0897457502
   16   21   25           -14.9594095849
   19   21   25            17.9186087036
   20   21   25             9.2983494761
    8   22   25             3.6683955101
   13   22   25            -9.0399344762
   15   22   25             2.1199411745
    8   23   25            -2.8614041363
   13   23   25             2.9189190208
   15   23   25            -2.6820795772
   11   24   25            -7.8563089666
   17   24   25            24.6347365841
   22   24   25            11.5525206664
   23   24   25            17.9993637310
   11   25   25           -10.4887507599
   17   25   25            -0.9374834207
   22   25   25            48.8218596297
   23   25   25            85.2444593502
    7    7   26            50.3049439125
    8    8   26            18.5028944838
    7    9   26             1.8878373936
    9    9   26           -16.1554576564
   10   10   26            17.5341310394
   11   11   26            -9.5569313077
    7   12   26           -11.7004921710
    9   12   26            16.5425948092
   12   12   26            -2.6180938725
    8   13   26            -4.6985027734
   13   13   26            26.3298503571
    7   14   26             3.2045003774
    9   14   26            24.8795663686
   12   14   26            -5.7914284803
   14   14   26            -0.8972355352
    8   15   26            15.7865507832
   13   15   26            -1.0520195113
   15   15   26             4.9727745353
    7   16   26             4.0254526136
    9   16   26           -16.8571996925
   12   16   26            14.0599104489
   14   16   26             5.1841800353
   16   16   26             7.2542426912
   11   17   26            -4.5159660438
   17   17   26            -2.6040966511
   10   18   26            -5.1488547783
   18   18   26            15.7885774552
    7   19   26           -16.4079098632
    9   19   26            -4.0054877353
   12   19   26             1.1952100337
   14   19   26            10.8745331640
   16   19   26            11.4384547816
   19   19   26           -12.4416013472
    7   20   26             6.6469254030
    9   20   26            -2.0757464041
   12   20   26            -1.1328595820
   14   20   26             0.2327826658
   16   20   26             2.1778379182
   19   20   26             2.3078355967
   20   20   26             5.8133145815
   10   21   26            -6.8937758256
   18   21   26            -0.0830510893
   21   21   26            -4.0343944945
   11   22   26             3.8063966273
   17   22   26           -15.5571471297
   22   22   26             7.8256577111
   11   23   26             3.0381468404
   17   23   26            -2.9718903685
   22   23   26           -22.1507648874
   23   23   26            46.8612805430
    8   24   26            -6.0389477701
   13   24   26            15.3359282125
   15   24   26            -4.9236225128
   24   24   26           -46.6762426117
    8   25   26             1.3089939403
   13   25   26            -4.4642659162
   15   25   26           -14.1316746880
   24   25   26            38.5779901888
   25   25   26            20.8405922918
   11   26   26             9.5722206534
   17   26   26           -36.3518795791
   22   26   26            31.8832377011
   23   26   26             2.2698094790
   26   26   26           -16.7176147542
    7    7   27            24.1869450444
    8    8   27            51.6327606553
    7    9   27            18.0550939113
    9    9   27            18.3455421191
   10   10   27           -44.0466384370
   11   11   27           -13.2400258111
    7   12   27            39.7972808638
    9   12   27            17.1359244816
   12   12   27            -5.2076238638
    8   13   27            36.2318426227
   13   13   27            41.0070835432
    7   14   27             1.5569854233
    9   14   27            24.1595299994
   12   14   27            12.4669814737
   14   14   27            42.9014073776
    8   15   27             7.5042206598
   13   15   27            15.7975969595
   15   15   27             8.3671292333
    7   16   27           -14.1064115060
    9   16   27            11.2949679048
   12   16   27            13.8826797242
   14   16   27             8.6636559518
   16   16   27             2.9675804621
   11   17   27           -26.6144263149
   17   17   27           -21.1520970026
   10   18   27           -18.9550284888
   18   18   27            -1.7135715978
    7   19   27             0.2820690502
    9   19   27            -3.7954079191
   12   19   27            -0.0870585725
   14   19   27            11.7308318237
   16   19   27            -2.6031647622
   19   19   27             6.8066135432
    7   20   27           -11.2663391903
    9   20   27            10.7864540286
   12   20   27            -0.0065492636
   14   20   27             0.4760266174
   16   20   27             6.4953322163
   19   20   27           -12.6747555941
   20   20   27            -7.0600667959
   10   21   27            -3.0693793661
   18   21   27            -6.2135538523
   21   21   27            12.2441221278
   11   22   27            -3.5136886999
   17   22   27            -4.4895027638
   22   22   27            22.8625476322
   11   23   27           -17.6851642167
   17   23   27             1.4694099053
   22   23   27             7.6890905958
   23   23   27            -3.7453005210
    8   24   27             0.3090243284
   13   24   27             3.4770413605
   15   24   27           -13.8075056590
   24   24   27            42.5510571547
    8   25   27            -0.8294095143
   13   25   27            -4.6180918770
   15   25   27            16.1368656023
   24   25   27           -32.4290944892
   25   25   27             2.1698772075
   11   26   27            -8.2394096314
   17   26   27           -17.4824514115
   22   26   27             9.9000004452
   23   26   27           -17.7888822005
   26   26   27             8.3831434638
   11   27   27           -51.1228266821
   17   27   27           -83.6570464742
   22   27   27            22.8328553015
   23   27   27            -0.5358340317
   26   27   27           -45.0216986528
   27   27   27           -57.5405238408
    7   10   28           -37.8608834954
    9   10   28            -5.7153324883
    8   11   28             0.3430021017
   10   12   28            10.4561388322
   11   13   28             7.5829179584
   10   14   28            20.2061363677
   11   15   28             3.1398214680
   10   16   28            41.4602090283
    8   17   28            -3.5176865673
   13   17   28            12.3139592643
   15   17   28            14.2752591132
    7   18   28            26.8733320660
    9   18   28           -48.3855461723
   12   18   28            14.2106803225
   14   18   28             9.0576321791
   16   18   28            -4.6859598962
   10   19   28           -37.2888963280
   18   19   28           -11.3578772147
   10   20   28            -9.2154747961
   18   20   28           -17.6549436178
    7   21   28           -10.5261733448
    9   21   28             8.2923184654
   12   21   28            -4.2897110863
   14   21   28            -8.3480043804
   16   21   28           -16.6736733221
   19   21   28            13.2701647342
   20   21   28             2.3488029765
    8   22   28             4.4940869079
   13   22   28            -8.6911053426
   15   22   28            -8.4248587416
    8   23   28            -4.8799508716
   13   23   28             3.4980231605
   15   23   28            15.1679683705
   11   24   28             8.8764763067
   17   24   28            -2.5545198061
   22   24   28           -19.9650660380
   23   24   28             4.2739843566
   11   25   28            -7.4324809287
   17   25   28           -28.7120775737
   22   25   28            58.2343495354
   23   25   28            46.6536956283
    8   26   28            -0.1173887704
   13   26   28           -14.7315488681
   15   26   28            -1.7947503930
   24   26   28            31.0582897148
   25   26   28            14.4073407132
    8   27   28           -12.6015855805
   13   27   28             4.6276429405
   15   27   28            -9.4245008154
   24   27   28           -24.2339525818
   25   27   28            35.8770321280
   11   28   28           -28.9606518037
   17   28   28           -79.7435732684
   22   28   28           123.3935271212
   23   28   28            52.3450855959
   26   28   28            44.5193617897
   27   28   28           102.1578698075
    7   10   29            14.7599675353
    9   10   29           -10.4858853733
    8   11   29             3.4880382912
   10   12   29            -9.6232557674
   11   13   29             2.1132634081
   10   14   29             7.4923472190
   11   15   29            -1.1923103690
   10   16   29             7.2901695842
    8   17   29            -3.1190942760
   13   17   29             0.2949670940
   15   17   29             4.3958874083
    7   18   29            26.1839608788
    9   18   29            12.0874940947
   12   18   29           -12.4885310902
   14   18   29            -7.1305411484
   16   18   29            -4.5136571087
   10   19   29            18.5046450280
   18   19   29            -0.7540944438
   10   20   29            17.3471694785
   18   20   29             3.5446415825
    7   21   29             2.1560595177
    9   21   29            16.0019953243
   12   21   29            -6.4930256088
   14   21   29            -5.9663836735
   16   21   29            -1.4382612481
   19   21   29            -6.9097987289
   20   21   29             0.4098013308
    8   22   29            -1.0837318969
   13   22   29            -0.1525821072
   15   22   29            -6.3869697980
    8   23   29            -0.8816665662
   13   23   29             6.1764471602
   15   23   29             0.6555469504
   11   24   29           -12.6339581885
   17   24   29             2.0668178992
   22   24   29            -5.6574148017
   23   24   29            11.0973136264
   11   25   29            -1.2361271881
   17   25   29            12.1026960983
   22   25   29             4.4451524109
   23   25   29           -31.0668526131
    8   26   29             3.4202214203
   13   26   29           -16.5629641813
   15   26   29            20.0146734495
   24   26   29           -11.6498996186
   25   26   29             1.8786795481
    8   27   29            -1.7520556625
   13   27   29             1.2087639454
   15   27   29           -10.3230980169
   24   27   29            28.2019491744
   25   27   29           -11.9860468708
   11   28   29             5.0939907999
   17   28   29            -3.3943505919
   22   28   29           -22.6363742575
   23   28   29           -28.4837276991
   26   28   29            16.1818154298
   27   28   29            -4.8751002451
   11   29   29            -1.4322127912
   17   29   29           -13.0578699846
   22   29   29            29.6956634718
   23   29   29             0.5979167901
   26   29   29             9.7581893389
   27   29   29            17.8890609832
    7   10   30            35.7375790519
    9   10   30           -14.6684057296
    8   11   30             2.3413026837
   10   12   30           -54.7345828200
   11   13   30             4.6854566791
   10   14   30            48.7691249841
   11   15   30             2.3473176720
   10   16   30            17.0108337271
    8   17   30            -3.6702308340
   13   17   30             4.4169332885
   15   17   30             8.1691703312
    7   18   30           -13.3062301729
    9   18   30            18.7739348065
   12   18   30            -8.3770458029
   14   18   30            -7.0896819371
   16   18   30             0.9879811001
   10   19   30            11.2557682242
   18   19   30            -0.7585665888
   10   20   30           -23.3124799261
   18   20   30             6.6418233436
    7   21   30            27.3372180579
    9   21   30            -9.2981371938
   12   21   30           -19.4218580214
   14   21   30            12.4354097051
   16   21   30            -1.8318391172
   19   21   30             1.9211172240
   20   21   30            -1.9095953121
    8   22   30             0.7851461938
   13   22   30            -3.1392566854
   15   22   30           -12.8279945023
    8   23   30             9.5910011600
   13   23   30            -5.1830654190
   15   23   30             7.8788507351
   11   24   30           -19.0283299961
   17   24   30            -0.7898166282
   22   24   30            22.7089518077
   23   24   30            22.6438909321
   11   25   30            12.8404625586
   17   25   30           -21.5739149661
   22   25   30           -13.3828480581
   23   25   30            -4.8611014152
    8   26   30            -2.9793361204
   13   26   30            -2.6001645063
   15   26   30            -5.3550814657
   24   26   30           -17.6237713649
   25   26   30            23.2008306888
    8   27   30            -4.7123065592
   13   27   30            -3.4760034463
   15   27   30            -7.4407767192
   24   27   30            40.2439265690
   25   27   30            -6.9347200951
   11   28   30            -0.4104529258
   17   28   30           -12.0482716607
   22   28   30             7.6517356519
   23   28   30           -30.7037798748
   26   28   30            56.0527662973
   27   28   30           -10.3780869540
   11   29   30            -6.5741858914
   17   29   30            -6.0166001984
   22   29   30            15.1137160413
   23   29   30           -16.0896396434
   26   29   30             1.5612276256
   27   29   30            27.4045437523
   11   30   30           -24.6661130633
   17   30   30            -9.9040649591
   22   30   30            44.5181301217
   23   30   30            30.9228147434
   26   30   30             3.2952263071
   27   30   30            52.1358967930
    7    7   31            45.5382179566
    8    8   31            29.7633512180
    7    9   31           -14.7851921557
    9    9   31            15.9744607221
   10   10   31           -10.1977074988
   11   11   31            -5.3465809468
    7   12   31            32.0031920269
    9   12   31           -38.7457462012
   12   12   31            41.6416863009
    8   13   31            13.1547587853
   13   13   31            14.2228233882
    7   14   31           -22.4334835043
    9   14   31            48.7032191996
   12   14   31             8.7248121761
   14   14   31           -10.8841336296
    8   15   31            -1.0304920482
   13   15   31            12.0668776165
   15   15   31             9.6573055248
    7   16   31            39.6843757297
    9   16   31            -0.4000330262
   12   16   31             8.3293014030
   14   16   31            -7.9240318252
   16   16   31            -1.8824583876
   11   17   31            -7.7337053209
   17   17   31             6.8955471700
   10   18   31            17.5470760796
   18   18   31            -2.8673478660
    7   19   31             1.1549843417
    9   19   31            26.6515021939
   12   19   31             0.4759031583
   14   19   31           -15.2657710399
   16   19   31            -8.2661904936
   19   19   31            -2.8447160378
    7   20   31            22.5783670476
    9   20   31           -14.0003685212
   12   20   31            18.5422781175
   14   20   31            -7.2555144962
   16   20   31            -1.8038565303
   19   20   31             0.6321582066
   20   20   31             1.3585256175
   10   21   31            -5.1043262934
   18   21   31            -8.2721641266
   21   21   31            -0.9926254181
   11   22   31            -7.4315042865
   17   22   31            -6.9475533610
   22   22   31             5.3930502465
   11   23   31            -7.2114192525
   17   23   31            14.9994968004
   22   23   31           -26.5659256727
   23   23   31           -41.6503949704
    8   24   31             8.8567221754
   13   24   31            -1.6365622072
   15   24   31            -6.3031080001
   24   24   31             0.8710421181
    8   25   31            -1.0618433274
   13   25   31             9.0449777657
   15   25   31           -21.6437673472
   24   25   31           -22.5357206681
   25   25   31           -33.0407801079
   11   26   31            -5.3251547310
   17   26   31           -18.9073672008
   22   26   31            -9.6701804951
   23   26   31           -11.6478554204
   26   26   31             4.4661924144
   11   27   31           -16.8783498175
   17   27   31           -35.3221118756
   22   27   31            18.8336493835
   23   27   31            -7.6790445662
   26   27   31             0.4198921437
   27   27   31           -28.1588056600
    8   28   31            -2.8439247807
   13   28   31            -4.3314552776
   15   28   31           -16.4530612736
   24   28   31           -29.1038544856
   25   28   31           -15.4901773517
   28   28   31            50.6066090937
    8   29   31            -2.3622122529
   13   29   31             9.6504766053
   15   29   31            -3.7185963911
   24   29   31            -3.8743444021
   25   29   31             8.1161211521
   28   29   31            13.0606567935
   29   29   31           -10.6811230818
    8   30   31            -2.7111881233
   13   30   31             6.3798524198
   15   30   31           -28.8012550750
   24   30   31            24.6135752072
   25   30   31             6.1472243153
   28   30   31            16.1277375413
   29   30   31             3.8739154755
   30   30   31            20.8368286327
   11   31   31             0.1195657154
   17   31   31           -53.2288389611
   22   31   31            43.4745472334
   23   31   31            34.2197242607
   26   31   31            10.9176325126
   27   31   31            10.4894434147
   31   31   31            -9.9244387141
    7   10   32             1.8048973086
    9   10   32           -50.9169199293
    8   11   32            15.4478727986
   10   12   32            40.9360887872
   11   13   32             5.6456890088
   10   14   32            34.0017536885
   11   15   32            -5.9023016831
   10   16   32           -26.0740507807
    8   17   32           -22.9739510508
   13   17   32            10.4284836161
   15   17   32            26.1864627100
    7   18   32           -19.4738893361
    9   18   32            -0.5646988983
   12   18   32            -0.1841142092
   14   18   32             2.8089302078
   16   18   32            -1.0518737307
   10   19   32             7.5470177011
   18   19   32           -15.6990064659
   10   20   32            21.5414556175
   18   20   32             9.5504818455
    7   21   32             5.0073126710
    9   21   32           -21.7306998733
   12   21   32             9.4405727793
   14   21   32             7.6539830821
   16   21   32            -2.5143130633
   19   21   32            -3.2358234788
   20   21   32            -9.4677068222
    8   22   32            -2.1755797112
   13   22   32             2.9799684338
   15   22   32           -16.7910016177
    8   23   32            -4.1793813930
   13   23   32            16.7868997588
   15   23   32            -6.2274197113
   11   24   32            -1.2531177995
   17   24   32            -2.9824790982
   22   24   32           -23.1967972967
   23   24   32           -31.6981140273
   11   25   32            -7.9364314985
   17   25   32            -3.9581895949
   22   25   32           -20.1795057005
   23   25   32           -80.8831340275
    8   26   32            -7.0537192058
   13   26   32            -1.0316933148
   15   26   32           -11.5842446134
   24   26   32            -3.8082973406
   25   26   32           -11.3525176733
    8   27   32            -7.9323748797
   13   27   32             0.1528861434
   15   27   32           -11.2573091093
   24   27   32             4.8116258812
   25   27   32            22.4803296303
   11   28   32           -18.4103814085
   17   28   32           -41.7508310126
   22   28   32            13.1214232076
   23   28   32          -111.3042597588
   26   28   32            26.2843613998
   27   28   32            56.3723814685
   11   29   32            -4.1795029552
   17   29   32             0.8384514375
   22   29   32             8.2657475981
   23   29   32            23.4249319811
   26   29   32            29.3465717364
   27   29   32             0.7037985328
   11   30   32            -4.9048776845
   17   30   32           -30.2893643669
   22   30   32            -6.6680235656
   23   30   32           -28.4442925028
   26   30   32            16.3950838509
   27   30   32            37.8448785266
    8   31   32            -1.4123086889
   13   31   32           -17.7509153812
   15   31   32            -8.3004559822
   24   31   32            47.7055106414
   25   31   32            61.8009107151
   28   31   32           133.3916734062
   29   31   32           -12.0159843758
   30   31   32            37.0965553787
   11   32   32           -16.9495053784
   17   32   32           -46.8060138108
   22   32   32           101.2948162704
   23   32   32            80.8349698630
   26   32   32            60.5471854727
   27   32   32            40.8299039209
   31   32   32           -18.0593579495
    7    7   33           -39.7107964872
    8    8   33           -27.3958620964
    7    9   33           -19.6980711888
    9    9   33            29.7475482424
   10   10   33           -62.8781193731
   11   11   33            13.5922549163
    7   12   33            73.8504531720
    9   12   33           -17.4824904070
   12   12   33           -25.2275534768
    8   13   33             6.5615069004
   13   13   33           -25.5039542044
    7   14   33           -42.2888570893
    9   14   33            -1.9346273193
   12   14   33            -6.0804437063
   14   14   33           -12.5257322879
    8   15   33           -28.4527671814
   13   15   33             3.6184617100
   15   15   33           -11.0567020377
    7   16   33            13.4853934933
    9   16   33           -39.2976318266
   12   16   33             5.1676700282
   14   16   33             8.2427833103
   16   16   33             3.2564194049
   11   17   33             2.0354550037
   17   17   33            -1.3580396925
   10   18   33            -0.5041899889
   18   18   33             7.4814665842
    7   19   33           -19.5661624813
    9   19   33           -12.7495481011
   12   19   33             8.8395054196
   14   19   33             2.9562508014
   16   19   33             2.5822855232
   19   19   33            13.9644888777
    7   20   33             9.9561420502
    9   20   33           -17.9402525076
   12   20   33             5.1047684802
   14   20   33             5.3337788901
   16   20   33             9.5467315554
   19   20   33            -6.6167230632
   20   20   33            -9.4144776015
   10   21   33           -25.4680277017
   18   21   33             2.5363388662
   21   21   33            11.8356463423
   11   22   33            -8.1677509232
   17   22   33            18.0158399419
   22   22   33            -4.4934053568
   11   23   33            -9.1320231092
   17   23   33            -0.2699720030
   22   23   33            13.3590300062
   23   23   33           -40.5055271038
    8   24   33             6.0394689139
   13   24   33            -7.2848789086
   15   24   33            -8.3162678902
   24   24   33            66.5841124125
    8   25   33             0.4306114258
   13   25   33             9.5648268113
   15   25   33             5.1175391912
   24   25   33           -59.7684580610
   25   25   33           -22.0343601826
   11   26   33            10.7454926527
   17   26   33            22.5341262204
   22   26   33           -32.5023661683
   23   26   33           -16.7767256348
   26   26   33            15.2914907326
   11   27   33             0.2262774263
   17   27   33            27.6008144125
   22   27   33            12.3964706634
   23   27   33            26.7405766925
   26   27   33           -21.9807789090
   27   27   33            65.4954361882
    8   28   33            -5.6907657819
   13   28   33            26.3944074485
   15   28   33            23.3037241774
   24   28   33          -107.0113937972
   25   28   33           -17.1237985082
   28   28   33           -41.0645792124
    8   29   33             3.2745930258
   13   29   33           -14.1290037094
   15   29   33             4.0178936278
   24   29   33            33.9095936891
   25   29   33           -14.7711822343
   28   29   33           -28.4210420627
   29   29   33            26.6461973334
    8   30   33             5.2609293174
   13   30   33            -6.2772411305
   15   30   33            -5.0252928668
   24   30   33            72.0463223676
   25   30   33           -35.6255997721
   28   30   33          -122.2961344814
   29   30   33            38.8866234190
   30   30   33            51.3805598275
   11   31   33             6.6765873503
   17   31   33            16.9006908311
   22   31   33           -18.0020866226
   23   31   33            68.7136084709
   26   31   33           -10.8970144164
   27   31   33            10.1679824775
   31   31   33           -34.2963409390
    8   32   33            -0.3664908698
   13   32   33            11.8360298075
   15   32   33             8.2659518789
   24   32   33             6.1565340234
   25   32   33            26.9136517509
   28   32   33           -17.2366366456
   29   32   33           -22.9376985743
   30   32   33           -32.8435270634
   32   32   33          -131.2967209389
   11   33   33           -23.7450569889
   17   33   33           -56.2875076766
   22   33   33            95.8998009105
   23   33   33            49.9028697665
   26   33   33           -23.5939422849
   27   33   33            78.9576949136
   31   33   33            21.8533884676
   33   33   33           118.7186891132
    7    7   34          -285.3178877119
    8    8   34          -411.5026915686
    7    9   34          -238.3386733924
    9    9   34          -177.9793027339
   10   10   34            -0.2554153785
   11   11   34           -11.9430865701
    7   12   34          -136.5377669035
    9   12   34           -96.8586475103
   12   12   34           -47.5945297781
    8   13   34          -271.7267116564
   13   13   34          -147.6796764247
    7   14   34          -153.4345082850
    9   14   34           -94.6996453316
   12   14   34           -42.7693300937
   14   14   34           -30.5098793143
    8   15   34           -91.3026319257
   13   15   34           -56.6079925974
   15   15   34           -20.4637476368
    7   16   34           -43.2475267618
    9   16   34           -25.7920395317
   12   16   34            -8.8274363315
   14   16   34            -6.9355424369
   16   16   34            -1.2934676072
   11   17   34           -17.9258045795
   17   17   34           -22.2747036276
   10   18   34            -0.6342556933
   18   18   34            -0.4725727982
    7   19   34           -10.0891208596
    9   19   34            -6.5198544522
   12   19   34            -2.9511929782
   14   19   34            -3.3830363104
   16   19   34            -1.3967177213
   19   19   34            -2.5816431124
    7   20   34            -5.8515887766
    9   20   34            -1.2448273520
   12   20   34            -0.1624090585
   14   20   34             2.0559900842
   16   20   34             0.3951554582
   19   20   34            -0.6822160054
   20   20   34             0.1831803966
   10   21   34             0.1426589157
   18   21   34            -0.5639889019
   21   21   34            -0.7443182288
   11   22   34             1.9462129920
   17   22   34             0.8428346402
   22   22   34             2.2801421176
   11   23   34            -4.8356206482
   17   23   34            -4.1536438265
   22   23   34            -0.2938893359
   23   23   34            -1.7423046545
    8   24   34           -12.5520484976
   13   24   34            -5.8467385582
   15   24   34            -3.3274051603
   24   24   34             0.6645052754
    8   25   34            -5.2608947727
   13   25   34            -0.8389989869
   15   25   34            -0.3432658416
   24   25   34             0.1139381452
   25   25   34             0.4582048842
   11   26   34            -5.2755788348
   17   26   34           -11.1962176401
   22   26   34             2.4624663022
   23   26   34            -2.0298187773
   26   26   34            -4.7912399373
   11   27   34           -23.7102842814
   17   27   34           -37.1620752584
   22   27   34             6.6794644276
   23   27   34            -7.6591509533
   26   27   34           -14.7567482789
   27   27   34           -50.3498683623
    8   28   34           -12.2246623651
   13   28   34             3.8014554661
   15   28   34            -0.1276034230
   24   28   34             2.4505500618
   25   28   34             2.7700290045
   28   28   34            11.2693303560
    8   29   34            -8.3614415246
   13   29   34             1.0316365393
   15   29   34            -1.9062733898
   24   29   34             2.2815715521
   25   29   34            -0.1323358019
   28   29   34             3.0949621873
   29   29   34             0.0789184208
    8   30   34           -10.4297828215
   13   30   34             2.1099329117
   15   30   34            -1.9691933538
   24   30   34             3.6939289698
   25   30   34             0.6909264999
   28   30   34             6.3174994164
   29   30   34             2.6357620090
   30   30   34             6.5223617875
   11   31   34            -6.9826024284
   17   31   34           -13.8179772066
   22   31   34             4.7390336978
   23   31   34            -3.4430010398
   26   31   34            -2.8637332323
   27   31   34           -15.1094284753
   31   31   34            -3.5735673403
    8   32   34            -8.0622800154
   13   32   34             5.1044249284
   15   32   34             0.0566177128
   24   32   34             3.7905145451
   25   32   34             2.3547220446
   28   32   34            10.0430028583
   29   32   34             3.6260745238
   30   32   34             8.4356831596
   32   32   34             9.5870752359
   11   33   34             5.5861190712
   17   33   34            12.0443901210
   22   33   34            -3.8466474267
   23   33   34             4.3674313975
   26   33   34             1.7857492208
   27   33   34            15.4507407441
   31   33   34             4.0997640348
   33   33   34            -1.3082419304
   11   34   34           -71.9231348155
   17   34   34          -102.2244039465
   22   34   34             6.3877350717
   23   34   34           -23.6226746518
   26   34   34           -38.7103934242
   27   34   34          -156.1640029071
   31   34   34           -58.2597385493
   33   34   34            40.2895813472
   34   34   34           584.2368088160
    7    7   35            52.7461449471
    8    8   35             0.5286033650
    7    9   35           -56.0531063151
    9    9   35            22.9036915520
   10   10   35           -17.3353381192
   11   11   35            -2.4040015947
    7   12   35            -1.1819474442
    9   12   35             5.3334826483
   12   12   35             5.9717120745
    8   13   35             7.7357267664
   13   13   35            -4.2591926865
    7   14   35            30.8748578886
    9   14   35            20.1163907953
   12   14   35             0.5883166206
   14   14   35           -53.3546940127
    8   15   35           -21.0215361841
   13   15   35             1.2191745886
   15   15   35            27.0479438582
    7   16   35            59.2480322390
    9   16   35          -104.2770412926
   12   16   35           -16.8212647122
   14   16   35            71.3868379547
   16   16   35            95.9377349500
   11   17   35            10.3840319939
   17   17   35           -20.6079056415
   10   18   35          -126.8059489477
   18   18   35          -118.3099135946
    7   19   35           -37.2754780709
    9   19   35            86.5910921547
   12   19   35           -39.1792419585
   14   19   35          -107.1293620411
   16   19   35           104.9602058051
   19   19   35            88.1665444751
    7   20   35          -197.2638602167
    9   20   35            63.4941021021
   12   20   35            41.4414413727
   14   20   35           112.6318630210
   16   20   35          -461.8689316176
   19   20   35           241.3538159013
   20   20   35           182.5848540333
   10   21   35            51.5387896163
   18   21   35           301.4863975831
   21   21   35          -134.4640981716
   11   22   35             0.3412740762
   17   22   35            -1.5371737095
   22   22   35            -7.2220961173
   11   23   35            30.3000545612
   17   23   35           -44.0690280680
   22   23   35            -3.1099116999
   23   23   35           -23.7422071721
    8   24   35           -15.7248465275
   13   24   35            27.5256417801
   15   24   35           -57.9890203557
   24   24   35            42.4651455694
    8   25   35            74.8016053673
   13   25   35           -19.2299361574
   15   25   35           -40.4299078245
   24   25   35           101.0277845927
   25   25   35            44.3496550427
   11   26   35             6.4734163250
   17   26   35           -29.0318283791
   22   26   35             3.0364589998
   23   26   35           -71.2817244645
   26   26   35           -13.2536412797
   11   27   35           -23.5706983535
   17   27   35            33.1567669994
   22   27   35            -0.5081449287
   23   27   35            31.7455924756
   26   27   35            61.0788769558
   27   27   35           -28.2183960296
    8   28   35           -56.4207281716
   13   28   35            19.0836421467
   15   28   35            13.3729456579
   24   28   35           -68.0719232796
   25   28   35            -1.2295991076
   28   28   35           -22.6615733472
    8   29   35            15.1843323390
   13   29   35             6.9924357694
   15   29   35           -35.2490893063
   24   29   35           -27.7804316812
   25   29   35           105.0935747387
   28   29   35           -96.4419088937
   29   29   35            59.7514310352
    8   30   35             9.1597778888
   13   30   35           -24.9407700981
   15   30   35            59.2513518335
   24   30   35           -28.5001577630
   25   30   35          -121.3125351607
   28   30   35           110.1061363373
   29   30   35             4.7893637948
   30   30   35            15.0526495137
   11   31   35            31.7911743329
   17   31   35           -43.7567559375
   22   31   35             4.5088998635
   23   31   35           -36.2564686475
   26   31   35           -84.8756338979
   27   31   35            32.9721928506
   31   31   35           -47.6768363845
    8   32   35            21.9721089692
   13   32   35            -0.7349240947
   15   32   35           -26.3331763667
   24   32   35            58.1350646258
   25   32   35            30.8693145889
   28   32   35            -8.6866925036
   29   32   35            33.3557260735
   30   32   35           -82.5705089896
   32   32   35            48.1329032453
   11   33   35             4.8241807879
   17   33   35           -13.1055770678
   22   33   35            -1.7634877675
   23   33   35           -37.4769558374
   26   33   35           -12.1206753009
   27   33   35            32.8209255333
   31   33   35           -66.5979921898
   33   33   35           -18.4247227932
   11   34   35            -0.0241487338
   17   34   35            -0.2829626039
   22   34   35             0.0843397843
   23   34   35            -0.2747302230
   26   34   35             0.0454247699
   27   34   35             0.3864020241
   31   34   35            -0.2357257736
   33   34   35            -0.6040443630
   34   34   35             0.4164304977
   11   35   35            -1.4805136223
   17   35   35            -7.9193281908
   22   35   35            18.3599887902
   23   35   35            21.6211501614
   26   35   35             3.0523602487
   27   35   35            14.5928266892
   31   35   35           -21.1956184641
   33   35   35            -1.2750515629
   34   35   35             0.6548242461
   35   35   35          -164.0047410414
    7   10   36            12.8648430517
    9   10   36            35.1035214718
    8   11   36           -26.4521718094
   10   12   36           -30.2402867503
   11   13   36            15.9734511407
   10   14   36           -83.5983992099
   11   15   36           -11.3269758667
   10   16   36           157.6045459389
    8   17   36            32.8288361568
   13   17   36           -20.6505448383
   15   17   36            18.2694555071
    7   18   36           103.1979180390
    9   18   36             5.0750798038
   12   18   36            25.7908022839
   14   18   36           -70.5492501929
   16   18   36           114.4531372941
   10   19   36            23.9701241443
   18   19   36          -388.6167426848
   10   20   36            94.8738403356
   18   20   36           212.1137948030
    7   21   36           -37.2246590159
    9   21   36           -89.8552604818
   12   21   36            79.8605540890
   14   21   36           198.9413830791
   16   21   36          -371.5848817573
   19   21   36           -31.4136138085
   20   21   36          -224.5081675466
    8   22   36            -0.6181045575
   13   22   36             2.1467601671
   15   22   36            -2.2028087663
    8   23   36            13.6982086705
   13   23   36            -8.1656866374
   15   23   36             3.6741813528
   11   24   36             6.3515294471
   17   24   36            12.2813476358
   22   24   36            -8.9343628566
   23   24   36            75.4780296284
   11   25   36            21.1709646609
   17   25   36           -44.0333847045
   22   25   36            -1.1966000375
   23   25   36           -75.6117505102
    8   26   36            83.8914203875
   13   26   36           -49.0019469307
   15   26   36            35.3100280042
   24   26   36           -18.3482303348
   25   26   36           -53.1458646245
    8   27   36           -20.7506976790
   13   27   36            13.2565584243
   15   27   36           -13.5548902674
   24   27   36           -57.3894654076
   25   27   36            62.0757782211
   11   28   36           -21.8954077822
   17   28   36            39.8706170210
   22   28   36            -0.9596593077
   23   28   36            67.9440858058
   26   28   36            49.9852854984
   27   28   36           -61.5838817376
   11   29   36           -56.9400994538
   17   29   36            60.0266933029
   22   29   36            -1.5195084883
   23   29   36            -5.7897801838
   26   29   36           147.1586049415
   27   29   36            -2.8813119375
   11   30   36            15.0452888658
   17   30   36           -37.9568615975
   22   30   36            -5.0091158927
   23   30   36           -63.9421538459
   26   30   36           -33.7755543628
   27   30   36            59.8581750804
    8   31   36            16.8887007956
   13   31   36           -13.2616832320
   15   31   36            10.0322979243
   24   31   36            88.0985149615
   25   31   36           -75.4969453888
   28   31   36           109.9867932769
   29   31   36           -13.9747140804
   30   31   36           -86.4988235049
   11   32   36            17.4057377582
   17   32   36           -22.4531310125
   22   32   36             6.3817507923
   23   32   36            -3.5676584082
   26   32   36           -53.0553671109
   27   32   36             8.9558627528
   31   32   36           -11.2611588999
    8   33   36            40.6404165880
   13   33   36           -22.4787759233
   15   33   36            17.6811352379
   24   33   36            -5.8311408911
   25   33   36           -30.4313990964
   28   33   36            35.7957468270
   29   33   36            85.1608567259
   30   33   36           -32.2129998645
   32   33   36           -53.8638208971
    8   34   36            -0.6478614080
   13   34   36            -0.6308189625
   15   34   36            -0.1957879585
   24   34   36             0.1013119802
   25   34   36             0.0358419514
   28   34   36             1.3481119534
   29   34   36             0.4834574074
   30   34   36             0.0224746049
   32   34   36             0.4033252406
    8   35   36             0.4879320556
   13   35   36            -2.4404832391
   15   35   36             2.3885361977
   24   35   36             8.9241375193
   25   35   36             0.2789260247
   28   35   36             2.4738969331
   29   35   36             4.0462398203
   30   35   36            22.2203357873
   32   35   36            -7.4051916850
   11   36   36            -5.6094120725
   17   36   36            -3.6893486631
   22   36   36            23.8193555450
   23   36   36            15.9561682471
   26   36   36             5.0610415815
   27   36   36            15.6367931194
   31   36   36            -3.1404759641
   33   36   36             5.0926955732
   34   36   36             2.2388057313
   35   36   36           543.9900703275
    7    7   37           -56.0177062730
    8    8   37             4.5428923794
    7    9   37            19.5991546148
    9    9   37           -14.0634672077
   10   10   37            23.7225611047
   11   11   37            10.4892214009
    7   12   37            30.4487494197
    9   12   37           -27.9446481854
   12   12   37            22.9227141757
    8   13   37            -8.3015904525
   13   13   37             2.6624177793
    7   14   37            33.9964942810
    9   14   37            -9.5470862581
   12   14   37            20.9556473303
   14   14   37            -2.4484830382
    8   15   37            19.3808115001
   13   15   37             1.0579971495
   15   15   37           -23.3932213387
    7   16   37          -172.1921621440
    9   16   37           101.2615967984
   12   16   37           -24.2063912177
   14   16   37            -4.7736863387
   16   16   37          -186.2422550797
   11   17   37            -3.2234074954
   17   17   37            -0.1642321794
   10   18   37          -142.8068969395
   18   18   37           167.4225450258
    7   19   37            12.6828949713
    9   19   37            46.0606857674
   12   19   37           -96.8634529110
   14   19   37          -142.8981843855
   16   19   37           363.7777486368
   19   19   37           252.0689338923
    7   20   37           116.7345227752
    9   20   37          -102.9556918736
   12   20   37           -14.3002453094
   14   20   37            22.2385221707
   16   20   37           198.8920208679
   19   20   37           -48.2879478886
   20   20   37          -375.9199160206
   10   21   37           -54.1135215823
   18   21   37           319.4068940856
   21   21   37           100.2376416647
   11   22   37            -5.1070604010
   17   22   37             4.4773132194
   22   22   37            -2.7859914468
   11   23   37            29.9444064607
   17   23   37           -26.9630258879
   22   23   37            -0.9487667261
   23   23   37             6.1297022842
    8   24   37           -71.2360693732
   13   24   37            27.0406717240
   15   24   37             9.6494458461
   24   24   37            13.2774368466
    8   25   37            -4.6693255742
   13   25   37           -20.1602982534
   15   25   37            63.9047838417
   24   25   37           -68.5097543502
   25   25   37          -118.4769353686
   11   26   37           -33.4352691470
   17   26   37            12.1362290947
   22   26   37             0.8735545769
   23   26   37           -87.1492119326
   26   26   37            92.5480558870
   11   27   37           -22.1286551441
   17   27   37            18.1087409687
   22   27   37             1.4543309002
   23   27   37            -3.5913813894
   26   27   37            59.9402574163
   27   27   37             3.0628416771
    8   28   37            -8.8778469233
   13   28   37            18.4982203515
   15   28   37           -44.9639386860
   24   28   37            38.1068669324
   25   28   37            73.4046273216
   28   28   37           -51.8150292498
    8   29   37            29.9364008380
   13   29   37           -27.4782799681
   15   29   37            46.1774580359
   24   29   37          -140.9875574056
   25   29   37            -6.5232320946
   28   29   37           -26.3389428850
   29   29   37           100.4824672097
    8   30   37            54.5291461963
   13   30   37           -11.1532791017
   15   30   37           -36.0429227501
   24   30   37            37.2762425630
   25   30   37            53.4846572094
   28   30   37           -34.1932594416
   29   30   37            98.6639765708
   30   30   37           -66.3260707511
   11   31   37            38.2653575387
   17   31   37           -44.0979795061
   22   31   37             0.4172386839
   23   31   37            20.3006116887
   26   31   37           -93.1718321287
   27   31   37            -3.0737024584
   31   31   37            18.9112682869
    8   32   37           -27.6372690588
   13   32   37             1.7887167427
   15   32   37            22.6415873769
   24   32   37             1.9586867973
   25   32   37           -60.2185813642
   28   32   37            76.8194178885
   29   32   37           -76.3766867406
   30   32   37            22.5442184593
   32   32   37           -33.7545921793
   11   33   37           -14.5030114483
   17   33   37             3.9823584607
   22   33   37            -5.8624028694
   23   33   37           -33.2945427534
   26   33   37            43.6192655821
   27   33   37            36.3261527239
   31   33   37           -67.0587493812
   33   33   37            36.5789740692
   11   34   37            -0.1209081343
   17   34   37            -0.8262086327
   22   34   37             0.2746532783
   23   34   37            -0.3938696559
   26   34   37             0.4233970020
   27   34   37             0.3172883212
   31   34   37             0.0959954075
   33   34   37            -0.6919557928
   34   34   37             0.8747664463
   11   35   37            -4.0971172199
   17   35   37             4.2761747177
   22   35   37             4.2070016664
   23   35   37            -6.9613286370
   26   35   37             1.7178881625
   27   35   37             1.0210630072
   31   35   37            17.4990394539
   33   35   37             6.9715435416
   34   35   37             1.3890172094
   35   35   37           656.3423425077
    8   36   37             0.3415692651
   13   36   37            -0.0259565350
   15   36   37            -1.3516055345
   24   36   37            10.0191875489
   25   36   37             4.1261106938
   28   36   37             4.7289444116
   29   36   37             2.0978805498
   30   36   37            20.2435429691
   32   36   37            -1.8965313394
   36   36   37           -16.2925838095
   11   37   37            -3.1557276086
   17   37   37           -12.1858251619
   22   37   37            14.5322578290
   23   37   37            21.1119101398
   26   37   37             5.4283112831
   27   37   37            20.5656516316
   31   37   37            -1.6946795257
   33   37   37            -5.0723019574
   34   37   37             3.2538593233
   35   37   37          -613.4497081061
   37   37   37           -37.3296043426
    7   10   38           -32.7359220014
    9   10   38            12.1895820952
    8   11   38           -10.8779834346
   10   12   38           -37.6595897258
   11   13   38             6.1672564554
   10   14   38             4.4669642559
   11   15   38            -2.9006345025
   10   16   38            19.7090941803
    8   17   38            -4.0313327377
   13   17   38             3.3598458175
   15   17   38            -2.1927651552
    7   18   38             7.6493284881
    9   18   38          -101.6450756635
   12   18   38           105.9292929130
   14   18   38           200.2732706703
   16   18   38          -384.4068536387
   10   19   38           180.4176532583
   18   19   38          -230.2981919785
   10   20   38           -53.6547119045
   18   20   38          -161.7853547601
    7   21   38            94.5801659049
    9   21   38           -26.7302928431
   12   21   38            51.4194599842
   14   21   38             1.3352773835
   16   21   38           -18.9228956229
   19   21   38          -394.9089950886
   20   21   38           130.1987275968
    8   22   38             0.7792874753
   13   22   38             1.2701102074
   15   22   38            -6.4338186221
    8   23   38           -54.5756572906
   13   23   38            28.4145157650
   15   23   38           -17.1864012475
   11   24   38            44.4521213648
   17   24   38           -45.2049436111
   22   24   38             4.0138077041
   23   24   38            31.7811990579
   11   25   38           -29.6209563346
   17   25   38            39.4034197387
   22   25   38             0.0436904294
   23   25   38            25.7750824185
    8   26   38            33.4960827166
   13   26   38           -17.4335520944
   15   26   38            11.7852264936
   24   26   38          -136.1617515123
   25   26   38            79.3667478706
    8   27   38            41.5154188082
   13   27   38           -26.4503590245
   15   27   38            17.0511189897
   24   27   38            -2.9290107902
   25   27   38           -28.1247086248
   11   28   38            29.4035121221
   17   28   38           -42.4717314273
   22   28   38             0.8888616009
   23   28   38           -23.9632751814
   26   28   38           -80.9610537296
   27   28   38            24.6194014130
   11   29   38           -42.5556483128
   17   29   38            16.1983358322
   22   29   38             1.6413973379
   23   29   38          -104.0189651096
   26   29   38           113.6028757131
   27   29   38            79.5261189593
   11   30   38           -37.4499417914
   17   30   38            39.6083198235
   22   30   38             1.8912033856
   23   30   38            17.6475107373
   26   30   38            79.9474800449
   27   30   38            -9.0572724073
    8   31   38           -66.8767242721
   13   31   38            39.1581037770
   15   31   38           -35.7532759615
   24   31   38            30.3919700312
   25   31   38            27.4822856828
   28   31   38           -23.2044877794
   29   31   38          -124.4137609077
   30   31   38            21.0700611854
   11   32   38             7.7375141687
   17   32   38            -6.4118990357
   22   32   38            -9.1194089803
   23   32   38            35.7598886147
   26   32   38           -25.1981033231
   27   32   38           -21.9795581480
   31   32   38            57.1829788786
    8   33   38            14.4356062966
   13   33   38            -6.0871340791
   15   33   38             4.3656497123
   24   33   38           -62.4094144283
   25   33   38            33.6312254841
   28   33   38           -78.5627328430
   29   33   38            66.2099565428
   30   33   38            57.8835147620
   32   33   38           -20.2049441887
    8   34   38             0.4092121485
   13   34   38             0.5448496905
   15   34   38            -0.0652413994
   24   34   38             0.0231187009
   25   34   38             0.4693394337
   28   34   38             1.0204515767
   29   34   38             0.4918104701
   30   34   38             1.0691344509
   32   34   38             1.2952688118
    8   35   38            -0.2596306909
   13   35   38             3.0124464954
   15   35   38            -4.1993753788
   24   35   38            -1.3651931093
   25   35   38             1.6159461350
   28   35   38             0.8404592455
   29   35   38            -1.8519687242
   30   35   38            -4.4251211748
   32   35   38             9.1454552666
   11   36   38            -1.1667326578
   17   36   38            -4.8816997716
   22   36   38            -6.9183885897
   23   36   38            -3.3824233992
   26   36   38             1.8882681849
   27   36   38             6.7297497883
   31   36   38            20.2955570933
   33   36   38            -3.8250218448
   34   36   38             2.6770681662
   35   36   38          -614.9863682100
    8   37   38             0.1394890054
   13   37   38             2.9576238620
   15   37   38            -5.5622193499
   24   37   38             8.3915907296
   25   37   38            -1.2851530592
   28   37   38             0.4450555912
   29   37   38             1.9522074081
   30   37   38            15.6587806309
   32   37   38            11.5965932166
   36   37   38          -651.1490715151
   11   38   38            -7.2821308485
   17   38   38            -8.3588562628
   22   38   38            19.6871480067
   23   38   38            13.9481213408
   26   38   38             3.1559099273
   27   38   38            24.3482079452
   31   38   38            14.5832104899
   33   38   38             7.9655962405
   34   38   38             4.5072164163
   35   38   38            18.0912433310
   37   38   38          -568.7625009497
    7    7   39            50.8368117848
    8    8   39            38.4095735227
    7    9   39           -21.3494172737
    9    9   39            29.2200345733
   10   10   39            56.3132651119
   11   11   39            19.3599669055
    7   12   39            -0.5131344562
    9   12   39           -10.5833596113
   12   12   39             1.0904911899
    8   13   39           -19.5736003214
   13   13   39            11.6616379715
    7   14   39           -20.3485172741
    9   14   39           -34.9660649401
   12   14   39            48.2056315011
   14   14   39            77.2222685158
    8   15   39             4.2784810771
   13   15   39            -9.1397742916
   15   15   39            22.2208342278
    7   16   39           103.6823330277
    9   16   39            24.3399180744
   12   16   39           -80.1513505509
   14   16   39          -175.9322336523
   16   16   39           462.8045290083
   11   17   39           -19.2235667384
   17   17   39            26.4413461262
   10   18   39            -6.4708298570
   18   18   39           435.1312510651
    7   19   39          -115.3759716025
    9   19   39            55.4988396650
   12   19   39           -49.7255842880
   14   19   39           -18.4213140839
   16   19   39            -9.9748926130
   19   19   39           389.4153357586
    7   20   39           -50.1100563834
    9   20   39            98.9570725536
   12   20   39           -12.6982125724
   14   20   39           -86.3380167466
   16   20   39            -2.4952181950
   19   20   39           -19.3632187799
   20   20   39           353.0653549752
   10   21   39          -165.9058140725
   18   21   39           -11.2589457712
   21   21   39           362.4298622484
   11   22   39            -1.5669747504
   17   22   39            -5.7456455933
   22   22   39            -3.2816877228
   11   23   39             1.4365723136
   17   23   39            17.6975240671
   22   23   39             8.8170824444
   23   23   39            74.1517920128
    8   24   39             2.5321986235
   13   24   39             6.1051770206
   15   24   39           -26.8077619856
   24   24   39           117.9717254775
    8   25   39            -2.4106096198
   13   25   39            17.0616349453
   15   25   39           -46.1247848807
   24   25   39           -13.2818189532
   25   25   39           132.6475278223
   11   26   39           -59.2260796354
   17   26   39            62.9343090751
   22   26   39             0.3864303831
   23   26   39            -5.4692700038
   26   26   39           159.6334290664
   11   27   39             2.1708395209
   17   27   39           -21.2346893375
   22   27   39             8.4342343212
   23   27   39           -54.6964216753
   26   27   39           -10.0332206333
   27   27   39            48.4497554585
    8   28   39            10.4085002971
   13   28   39           -17.3269171733
   15   28   39            30.5843038734
   24   28   39            30.5230527518
   25   28   39           -90.9068844148
   28   28   39           119.3313556045
    8   29   39            88.4406974050
   13   29   39           -40.9598224649
   15   29   39            10.8221754118
   24   29   39           -30.8913369017
   25   29   39            15.6092552157
   28   29   39           -19.7598401102
   29   29   39           171.3399221385
    8   30   39           -32.4212010663
   13   30   39             6.7000700902
   15   30   39            18.4065522467
   24   30   39           -82.0056804622
   25   30   39             5.8475131527
   28   30   39           -38.8997832670
   29   30   39           -26.5915929127
   30   30   39            97.6288753116
   11   31   39            -2.5862565276
   17   31   39            21.1588221269
   22   31   39            -2.6080114077
   23   31   39            74.0085823281
   26   31   39            -6.2275769693
   27   31   39           -60.3181209350
   31   31   39           104.1335799994
    8   32   39           -14.4130822112
   13   32   39            20.2389413652
   15   32   39           -41.1885570010
   24   32   39            30.2849679311
   25   32   39            41.7898472815
   28   32   39           -39.0287983649
   29   32   39           -30.7992095080
   30   32   39           -21.7733092833
   32   32   39            56.5720083992
   11   33   39           -35.9041920527
   17   33   39            42.0375475763
   22   33   39             2.6908972085
   23   33   39             1.3702265889
   26   33   39            79.0917748084
   27   33   39            -3.9699765934
   31   33   39             4.1971685765
   33   33   39            75.5292412677
   11   34   39            -0.3894647679
   17   34   39            -0.3493840674
   22   34   39             0.3034131573
   23   34   39            -0.2327555442
   26   34   39             0.5737013184
   27   34   39             0.0837873632
   31   34   39             0.5822604237
   33   34   39            -0.2446187147
   34   34   39             0.8554644470
   11   35   39             2.0201112781
   17   35   39            -6.1047156358
   22   35   39            -7.2990542973
   23   35   39             2.8335236731
   26   35   39             0.6290212786
   27   35   39             3.2279820089
   31   35   39             1.4172864405
   33   35   39            -9.1746281096
   34   35   39             0.8660725244
   35   35   39          -861.2669862369
    8   36   39            -0.3135562795
   13   36   39             4.1132707957
   15   36   39            -5.3751693545
   24   36   39            -2.0815968142
   25   36   39            -2.1908136464
   28   36   39            -1.0488742197
   29   36   39            -1.7003562893
   30   36   39            -5.6772344471
   32   36   39            16.2596096392
   36   36   39          -892.9655819387
   11   37   39            -3.4103482713
   17   37   39            -1.3549476933
   22   37   39            -2.1520067327
   23   37   39            -8.5888127540
   26   37   39            -0.2659046944
   27   37   39             7.1690759790
   31   37   39            26.5392056940
   33   37   39             5.2905673115
   34   37   39             2.7359980120
   35   37   39           -32.2280258627
   37   37   39          -842.4503226027
    8   38   39             0.6164461153
   13   38   39            -0.6519504523
   15   38   39            -1.9445255841
   24   38   39            17.5503324493
   25   38   39             1.4457019281
   28   38   39             1.5916292712
   29   38   39             4.5705329065
   30   38   39            29.7846450070
   32   38   39            -1.6089459043
   36   38   39            19.9110528957
   38   38   39          -870.3233437355
   11   39   39            -4.7020176725
   17   39   39            -8.0138878087
   22   39   39            21.7648975570
   23   39   39            20.6283447891
   26   39   39             3.3615762212
   27   39   39            19.0468136125
   31   39   39            -3.0419719984
   33   39   39             4.3463190258
   34   39   39             2.5729000647
   35   39   39            35.3297020909
   37   39   39            -5.7329437146
   39   39   39          -865.0289322789
