    1    1    7        0.000000000000000
    1    2    7        0.000000000000109
    1    3    7       -0.000000000000157
    2    1    7        0.000000000000109
    2    2    7        0.000000000000000
    2    3    7       -0.000015543156851
    3    1    7       -0.000000000000157
    3    2    7       -0.000015543156851
    3    3    7        0.000000000000000
    1    1    8        0.000000000000000
    1    2    8        0.000000000000102
    1    3    8       16.376685932793375
    2    1    8        0.000000000000102
    2    2    8        0.000000000000000
    2    3    8        0.000000000000446
    3    1    8       16.376685932793375
    3    2    8        0.000000000000446
    3    3    8        0.000000000028422
    1    1    9        0.000000000000000
    1    2    9       -0.000000000000020
    1    3    9        0.000000000000002
    2    1    9       -0.000000000000020
    2    2    9        0.000000000000000
    2    3    9        0.000027198644379
    3    1    9        0.000000000000002
    3    2    9        0.000027198644379
    3    3    9        0.000000000000000
    1    1   10        0.000000000000000
    1    2   10       -0.000000138682843
    1    3   10       -0.000000000000012
    2    1   10       -0.000000138682843
    2    2   10        0.000000000000000
    2    3   10       -0.000000000000023
    3    1   10       -0.000000000000012
    3    2   10       -0.000000000000023
    3    3   10        0.000000000000000
    1    1   11       60.881494433942862
    1    2   11        0.000000000000001
    1    3   11       -0.000000000000001
    2    1   11        0.000000000000001
    2    2   11       51.217573248777626
    2    3   11       -0.000000000000020
    3    1   11       -0.000000000000001
    3    2   11       -0.000000000000020
    3    3   11       -9.663921185193658
    1    1   12        0.000000000000000
    1    2   12       -0.000000000000001
    1    3   12        0.000000000000008
    2    1   12       -0.000000000000001
    2    2   12        0.000000000000000
    2    3   12        0.000006315706831
    3    1   12        0.000000000000008
    3    2   12        0.000006315706831
    3    3   12        0.000000000000000
    1    1   13        0.000000000000000
    1    2   13       -0.000000000000006
    1    3   13       -1.190459717595760
    2    1   13       -0.000000000000006
    2    2   13        0.000000000000000
    2    3   13       -0.000000000000012
    3    1   13       -1.190459717595760
    3    2   13       -0.000000000000012
    3    3   13       -0.000000000056843
    1    1   14        0.000000000000000
    1    2   14        0.000000000000004
    1    3   14       -0.000000000000005
    2    1   14        0.000000000000004
    2    2   14        0.000000000000000
    2    3   14        0.000005987228044
    3    1   14       -0.000000000000005
    3    2   14        0.000005987228044
    3    3   14        0.000000000000000
    1    1   15       -0.000000000113687
    1    2   15       -0.000000000000005
    1    3   15      -24.027216491004271
    2    1   15       -0.000000000000005
    2    2   15        0.000000000113687
    2    3   15       -0.000000000000010
    3    1   15      -24.027216491004271
    3    2   15       -0.000000000000010
    3    3   15       -0.000000000028422
    1    1   16        0.000000000000000
    1    2   16        0.000000000000001
    1    3   16       -0.000000000000006
    2    1   16        0.000000000000001
    2    2   16        0.000000000000000
    2    3   16       -0.000003099597270
    3    1   16       -0.000000000000006
    3    2   16       -0.000003099597270
    3    3   16        0.000000000000000
    1    1   17       19.742919617897314
    1    2   17       -0.000000000000001
    1    3   17       -0.000000000000003
    2    1   17       -0.000000000000001
    2    2   17       43.111229832902609
    2    3   17       -0.000000000000023
    3    1   17       -0.000000000000003
    3    2   17       -0.000000000000023
    3    3   17       23.368310214777921
    1    1   18        0.000000000000000
    1    2   18        0.000008220580597
    1    3   18       -0.000000000000005
    2    1   18        0.000008220580597
    2    2   18        0.000000000000000
    2    3   18       -0.000000000000006
    3    1   18       -0.000000000000005
    3    2   18       -0.000000000000006
    3    3   18        0.000000000000000
    1    1   19        0.000000000000000
    1    2   19        0.000000000000010
    1    3   19       -0.000000000000004
    2    1   19        0.000000000000010
    2    2   19        0.000000000000000
    2    3   19        0.000005517125764
    3    1   19       -0.000000000000004
    3    2   19        0.000005517125764
    3    3   19        0.000000000000000
    1    1   20        0.000000000000000
    1    2   20        0.000000000000002
    1    3   20        0.000000000000016
    2    1   20        0.000000000000002
    2    2   20        0.000000000000000
    2    3   20        0.000001525613677
    3    1   20        0.000000000000016
    3    2   20        0.000001525613677
    3    3   20        0.000000000000000
    1    1   21        0.000000000000000
    1    2   21       -0.000000338243660
    1    3   21        0.000000000000006
    2    1   21       -0.000000338243660
    2    2   21        0.000000000000000
    2    3   21        0.000000000000004
    3    1   21        0.000000000000006
    3    2   21        0.000000000000004
    3    3   21        0.000000000000000
    1    1   22      -15.668422399585324
    1    2   22        0.000000000000000
    1    3   22       -0.000000000007106
    2    1   22        0.000000000000000
    2    2   22      -31.740163410177047
    2    3   22       -0.000000000000004
    3    1   22       -0.000000000007106
    3    2   22       -0.000000000000004
    3    3   22      -16.071741010563301
    1    1   23       -8.249686166323045
    1    2   23        0.000000000000001
    1    3   23       -0.000000000007094
    2    1   23        0.000000000000001
    2    2   23      -18.463495448145295
    2    3   23       -0.000000000000002
    3    1   23       -0.000000000007094
    3    2   23       -0.000000000000002
    3    3   23      -10.213809281822250
    1    1   24        0.000000000000000
    1    2   24       -0.000000000000003
    1    3   24       -5.936693987768797
    2    1   24       -0.000000000000003
    2    2   24        0.000000000000000
    2    3   24        0.000000000000003
    3    1   24       -5.936693987768797
    3    2   24        0.000000000000003
    3    3   24       -0.000000000028422
    1    1   25       -0.000000000113687
    1    2   25        0.000000000000002
    1    3   25       -7.930717071148530
    2    1   25        0.000000000000002
    2    2   25       -0.000000000113687
    2    3   25        0.000000000000007
    3    1   25       -7.930717071148530
    3    2   25        0.000000000000007
    3    3   25       -0.000000000028422
    1    1   26       13.368521427764790
    1    2   26        0.000000000000000
    1    3   26        0.000000000005314
    2    1   26        0.000000000000000
    2    2   26       -1.573565085550399
    2    3   26       -0.000000000000013
    3    1   26        0.000000000005314
    3    2   26       -0.000000000000013
    3    3   26      -14.942086513286768
    1    1   27       -1.859973642126533
    1    2   27        0.000000000000000
    1    3   27        0.000000000000020
    2    1   27        0.000000000000000
    2    2   27       -5.177762026164601
    2    3   27        0.000000000000003
    3    1   27        0.000000000000020
    3    2   27        0.000000000000003
    3    3   27       -3.317788384265441
    1    1   28        0.000000000000000
    1    2   28        0.000000000000002
    1    3   28        3.810724394549013
    2    1   28        0.000000000000002
    2    2   28        0.000000000113687
    2    3   28        0.000000000000009
    3    1   28        3.810724394549013
    3    2   28        0.000000000000009
    3    3   28        0.000000000056843
    1    1   29        0.000000000000000
    1    2   29        0.000000000000004
    1    3   29        3.413141372627168
    2    1   29        0.000000000000004
    2    2   29        0.000000000000000
    2    3   29        0.000000000000001
    3    1   29        3.413141372627168
    3    2   29        0.000000000000001
    3    3   29        0.000000000028422
    1    1   30        0.000000000000000
    1    2   30        0.000000000000002
    1    3   30        2.102608327044632
    2    1   30        0.000000000000002
    2    2   30        0.000000000000000
    2    3   30       -0.000000000000003
    3    1   30        2.102608327044632
    3    2   30       -0.000000000000003
    3    3   30        0.000000000000000
    1    1   31        2.117118937576379
    1    2   31        0.000000000000001
    1    3   31       -0.000000000000005
    2    1   31        0.000000000000001
    2    2   31        2.165343251817831
    2    3   31        0.000000000000001
    3    1   31       -0.000000000000005
    3    2   31        0.000000000000001
    3    3   31        0.048224314014078
    1    1   32        0.000000000113687
    1    2   32       -0.000000000000004
    1    3   32        4.321559807158118
    2    1   32       -0.000000000000004
    2    2   32       -0.000000000113687
    2    3   32       -0.000000000000005
    3    1   32        4.321559807158118
    3    2   32       -0.000000000000005
    3    3   32        0.000000000000000
    1    1   33       -5.801511087611289
    1    2   33       -0.000000000000001
    1    3   33       -0.000000000001804
    2    1   33       -0.000000000000001
    2    2   33       -1.900605947184886
    2    3   33       -0.000000000000005
    3    1   33       -0.000000000001804
    3    2   33       -0.000000000000005
    3    3   33        3.900905140284294
    1    1   34       -7.647206298770470
    1    2   34        0.000000000000000
    1    3   34        0.000000000007105
    2    1   34        0.000000000000000
    2    2   34       -7.714001347949306
    2    3   34        0.000000000000001
    3    1   34        0.000000000007105
    3    2   34        0.000000000000001
    3    3   34       -0.066795048866197
    1    1   35        2.134039136080901
    1    2   35        0.000000000000000
    1    3   35        0.000000000001776
    2    1   35        0.000000000000000
    2    2   35        0.326247404473179
    2    3   35        0.000000000000001
    3    1   35        0.000000000001776
    3    2   35        0.000000000000001
    3    3   35       -1.807791731579300
    1    1   36       -0.000000000113687
    1    2   36       -0.000000000000002
    1    3   36        3.458043719469602
    2    1   36       -0.000000000000002
    2    2   36        0.000000000000000
    2    3   36       -0.000000000000002
    3    1   36        3.458043719469602
    3    2   36       -0.000000000000002
    3    3   36        0.000000000028422
    1    1   37       -1.834389179066420
    1    2   37        0.000000000000000
    1    3   37        0.000000000007106
    2    1   37        0.000000000000000
    2    2   37       -0.040437795973958
    2    3   37        0.000000000000000
    3    1   37        0.000000000007106
    3    2   37        0.000000000000000
    3    3   37        1.793951383035619
    1    1   38        0.000000000000000
    1    2   38        0.000000000000000
    1    3   38        0.724321241901662
    2    1   38        0.000000000000000
    2    2   38       -0.000000000113687
    2    3   38        0.000000000000000
    3    1   38        0.724321241901662
    3    2   38        0.000000000000000
    3    3   38        0.000000000000000
    1    1   39        2.858681503539628
    1    2   39        0.000000000000000
    1    3   39       -0.000000000007105
    2    1   39        0.000000000000000
    2    2   39        7.638964323973596
    2    3   39       -0.000000000000001
    3    1   39       -0.000000000007105
    3    2   39       -0.000000000000001
    3    3   39        4.780282820718185
